1427882400,201504011759_126_55343_15469109,1,33010001,22447,0,0,0,0,45,2,0,50,1,4,1522040670,622133830,1522139579,622177330,1427851739
1427882400,201504011759_126_54065_15470730,1,33010001,17362,0,0,0,0,225,1,0,50,1,4,1202507170,302982500,1202551941,302957995,1427853138
1427882400,201504011759_126_36402_15471301,1,33010001,17260,0,0,0,0,0,0,0,50,0,4,1202122830,302931170,1202168184,302906911,1427851617
1427882400,201504011759_126_47928_15477108,1,33010001,22447,0,0,0,0,45,2,0,50,1,4,1522040670,622133830,1522139579,622177330,1427851739
1427882400,201504011759_111_24859_1988966,1,33010003,1201410400,0,0,0,0,235,256,0,50,4,4,254287887,50401594,254357225,50400214,1427851776
1427882400,201504011759_111_25627_1992968,1,33010003,4177469975,0,0,0,0,340,0,0,50,1,4,1201034330,303238820,1201082430,303216171,1427851005
1427882400,201504011759_126_4154_15478287,1,33010001,17362,0,0,0,0,225,1,0,50,1,4,1202507170,302982500,1202551941,302957995,1427853138
1427882400,201504011759_126_59195_15479745,1,33010001,17260,0,0,0,0,0,0,0,50,0,4,1202122830,302931170,1202168184,302906911,1427851617
1427882400,201504011759_126_38719_15483105,1,33010001,17228,0,0,0,0,170,11,0,50,1,4,1201302000,302918200,1201349611,302895311,1427853584
1427882400,201504011759_126_52545_15485079,1,33010001,22447,0,0,0,0,45,2,0,50,1,4,1522040670,622133830,1522139579,622177330,1427851739
1427882400,201504011759_126_5955_15486203,1,33010001,17362,0,0,0,0,225,1,0,50,1,4,1202507170,302982500,1202551941,302957995,1427853138
1427882400,201504011759_126_8260_15487222,1,33010001,17260,0,0,0,0,0,0,0,50,0,4,1202122830,302931170,1202168184,302906911,1427851617
1427882400,201504011759_126_31300_15487586,1,33010001,01369,0,0,0,0,310,11,0,50,1,4,1200700800,303350870,1200749005,303328065,1427850014
1427882460,201504011800_126_33610_15492757,1,33010001,22447,0,0,0,0,45,2,0,50,1,4,1522040670,622133830,1522139579,622177330,1427851739
1427882460,201504011800_126_56651_15493881,1,33010001,17362,0,0,0,0,225,1,0,50,1,4,1202507170,302982500,1202551941,302957995,1427853138
1427882460,201504011800_126_9805_15494905,1,33010001,17260,0,0,0,0,0,0,0,50,0,4,1202122830,302931170,1202168184,302906911,1427851617
1427882460,201504011800_111_47163_2038782,1,33010003,1426147233,0,0,0,0,256,0,0,50,4,4,-334360532,-1072758015,-332326138,-1070418596,1427850240
1427882460,201504011800_111_53822_2044492,1,33010003,4160833433,0,0,0,0,256,256,0,50,4,4,638719324,1410269953,638662354,1410427509,1427853364
1427882460,201504011800_126_35411_15500600,1,33010001,22447,0,0,0,0,45,2,0,50,1,4,1522040670,622133830,1522139579,622177330,1427851739
1427882460,201504011800_126_54612_15501692,1,33010001,17362,0,0,0,0,225,1,0,50,1,4,1202507170,302982500,1202551941,302957995,1427853138
1427882460,201504011800_111_48707_2052040,1,33010003,1610696628,0,0,0,0,256,0,0,50,4,4,-938334952,101647105,-937877894,101617095,1427853244
1427882460,201504011800_111_48707_2052069,1,33010003,4177469975,0,0,0,0,334,22,0,50,1,4,1201031070,303245950,1201079175,303223303,1427851077
1427882460,201504011800_111_48963_2053167,1,33010003,2717992873,0,0,0,0,256,0,0,50,4,4,840045273,-401669375,840065700,-399406333,1427853184
1427882460,201504011800_126_8278_15502782,1,33010001,17260,0,0,0,0,0,0,0,50,0,4,1202122830,302931170,1202168184,302906911,1427851617
1427882460,201504011800_111_36422_2055182,1,33010003,3321972623,0,0,0,0,256,0,0,50,4,4,-2045638483,-1676737791,-2048790727,-1675518232,1427853440
1427882460,201504011800_111_63562_2063546,1,33010003,3389081512,0,0,0,0,256,256,0,50,4,4,-2112743090,-535887103,-2112184357,-533343796,1427852340
1427882460,201504011800_111_39246_2067748,1,33010003,2466334630,0,0,0,0,256,256,0,50,4,4,-1743642512,1812923137,-1744120382,1813583824,1427853240
1427882460,201504011800_126_23133_15509279,1,33010001,22447,0,0,0,0,45,2,0,50,1,4,1522040670,622133830,1522139579,622177330,1427851739
1427882460,201504011800_126_44381_15509686,1,33010001,17362,0,0,0,0,225,1,0,50,1,4,1202507170,302982500,1202551941,302957995,1427853138
1427882460,201504011800_111_46673_2076266,1,33010003,1200953290,0,0,0,0,169,256,0,50,4,4,156250127,50401792,156368578,50397904,1427850624
1427882460,201504011800_126_1375_15510717,1,33010001,17260,0,0,0,0,0,0,0,50,0,4,1202122830,302931170,1202168184,302906911,1427851617
1427882520,201504011801_126_42598_15517557,1,33010001,17362,0,0,0,0,225,1,0,50,1,4,1202507170,302982500,1202551941,302957995,1427853138
1427882520,201504011801_126_57447_15518575,1,33010001,17260,0,0,0,0,0,0,0,50,0,4,1202122830,302931170,1202168184,302906911,1427851617
1427882520,201504011801_111_46179_2096655,1,33010003,2298562292,0,0,0,0,256,256,0,50,4,4,-1911446132,1309606657,-1911976318,1309918229,1427852176
1427882520,201504011801_111_47715_2098919,1,33010003,21472798,0,0,0,0,24,47,0,50,4,4,302609330,251855122,302664498,251819256,1427852427
1427882520,201504011801_111_47715_2098921,1,33010003,21472798,0,0,0,0,24,47,0,50,4,4,302609330,251855122,302664498,251819256,1427852427
1427882520,201504011801_111_47715_2098923,1,33010003,21472798,0,0,0,0,24,47,0,50,4,4,302609330,251855122,302664498,251819256,1427852427
1427882520,201504011801_111_48483_2101960,1,33010003,385959841,0,0,0,0,256,256,0,50,4,4,1544688643,-1542520063,1546790746,-1541312096,1427850072
1427882520,201504011801_126_22894_15524649,1,33010001,22447,0,0,0,0,45,2,0,50,1,4,1522040670,622133830,1522139579,622177330,1427851739
1427882520,201504011801_111_36715_2112496,1,33010003,1202931930,0,0,0,0,190,256,0,50,4,4,564050447,50401793,564116871,50397746,1427850624
1427882520,201504011801_111_37739_2114971,1,33010003,2667661241,0,0,0,0,256,0,0,50,4,4,2014449643,1880032001,2014174163,1880641113,1427850373
1427882520,201504011801_126_43119_15525829,1,33010001,17362,0,0,0,0,225,1,0,50,1,4,1202507170,302982500,1202551941,302957995,1427853138
1427882520,201504011801_126_881_15526886,1,33010001,17260,0,0,0,0,0,0,0,50,0,4,1202122830,302931170,1202168184,302906911,1427851617
1427882520,201504011801_111_16243_2123293,1,33010003,21470665,0,0,0,0,24,47,0,50,4,4,302354150,251855122,302409467,251819271,1427852657
1427882520,201504011801_111_16755_2126823,1,33010003,385959880,0,0,0,0,256,0,0,50,4,4,-435026467,437191425,-433979529,437282989,1427850752
1427882520,201504011801_111_16755_2126894,1,33010003,4177469975,0,0,0,0,347,0,0,50,1,4,1201025170,303273470,1201073283,303250828,1427851163
1427882520,201504011801_126_27767_15532906,1,33010001,22447,0,0,0,0,45,2,0,50,1,4,1522040670,622133830,1522139579,622177330,1427851739
1427882520,201504011801_126_42616_15533946,1,33010001,17362,0,0,0,0,225,1,0,50,1,4,1202507170,302982500,1202551941,302957995,1427853138
1427882520,201504011801_111_11130_2130190,1,33010003,1201947060,0,0,0,0,219,256,0,50,4,4,218614287,50401793,218700292,50397511,1427851776
1427882520,201504011801_111_11130_2131207,1,33010003,1592129,0,0,0,0,41,312,0,50,4,4,2130790303,447615506,2130984254,447660911,1427850878
1427882520,201504011801_126_46713_15534984,1,33010001,17260,0,0,0,0,0,0,0,50,0,4,1202122830,302931170,1202168184,302906911,1427851617
1427882580,201504011802_111_32515_2147584,1,33010003,808132970,0,0,0,0,0,0,0,50,1,4,1201467580,303100290,1201514790,303077183,1427850719
1427882580,201504011802_111_32515_2149653,1,33010003,21476603,0,0,0,0,24,47,0,50,4,4,304073190,251855122,304129767,251821094,1427852416
1427882580,201504011802_126_29185_15540620,1,33010001,22447,0,0,0,0,45,2,0,50,1,4,1522040670,622133830,1522139579,622177330,1427851739
1427882580,201504011802_126_54530_15541821,1,33010001,17362,0,0,0,0,225,1,0,50,1,4,1202507170,302982500,1202551941,302957995,1427853138
1427882580,201504011802_126_59907_15542889,1,33010001,17260,0,0,0,0,0,0,0,50,0,4,1202122830,302931170,1202168184,302906911,1427851617
1427882580,201504011802_111_45579_2154175,1,33010003,1201723020,0,0,0,0,54,256,0,50,4,4,102349327,50401793,102482145,50400143,1427850136
1427882580,201504011802_111_45579_2154382,1,33010003,1201438150,0,0,0,0,235,256,0,50,4,4,242135567,50401793,242208104,50399070,1427850624
1427882580,201504011802_126_53770_15548615,1,33010001,22447,0,0,0,0,45,2,0,50,1,4,1522040670,622133830,1522139579,622177330,1427851739
1427882580,201504011802_111_36371_2166283,1,33010003,4177469975,0,0,0,0,355,8,0,50,1,4,1201019180,303297330,1201067302,303274692,1427851209
1427882580,201504011802_111_38931_2168241,1,33010003,67192751,0,0,0,0,256,0,0,50,4,4,-1609434306,168755969,-1609198247,168740153,1427851008
1427882580,201504011802_111_38931_2168919,1,33010003,1202866110,0,0,0,0,101,256,0,50,4,4,101919247,50401794,102052745,50400679,1427852008
1427882580,201504011802_126_12044_15549831,1,33010001,17362,0,0,0,0,225,1,0,50,1,4,1202507170,302982500,1202551941,302957995,1427853138
1427882580,201504011802_126_34061_15550825,1,33010001,17260,0,0,0,0,0,0,0,50,0,4,1202122830,302931170,1202168184,302906911,1427851617
1427882580,201504011802_111_47385_2179146,1,33010003,3389081510,0,0,0,0,256,0,0,50,4,4,1779570797,-1206975743,1780097663,-1205376308,1427853408
1427882580,201504011802_126_1300_15556652,1,33010001,22447,0,0,0,0,45,2,0,50,1,4,1522040670,622133830,1522139579,622177330,1427851739
1427882580,201504011802_111_9505_2188639,1,33010003,808132970,0,0,0,0,0,0,0,50,1,4,1201467500,303099730,1201514710,303076623,1427850765
1427882580,201504011802_111_9505_2189513,1,33010003,4227942307,0,0,0,0,256,256,0,50,4,4,672271744,-1173421311,672283412,-1172088814,1427853228
1427882580,201504011802_111_11297_2192375,1,33010003,1744914358,0,0,0,0,256,256,0,50,4,4,605167788,974062337,604787161,974108361,1427851008
1427882580,201504011802_126_25877_15557893,1,33010001,17362,0,0,0,0,225,1,0,50,1,4,1202507170,302982500,1202551941,302957995,1427853138
1427882580,201504011802_111_60451_2196310,1,33010003,1201734100,0,0,0,0,54,256,0,50,4,4,106266127,50401794,106396456,50398378,1427850248
1427882580,201504011802_126_34070_15558909,1,33010001,17260,0,0,0,0,0,0,0,50,0,4,1202122830,302931170,1202168184,302906911,1427851617
1427882640,201504011803_126_33310_15565867,1,33010001,17362,0,0,0,0,225,1,0,50,1,4,1202507170,302982500,1202551941,302957995,1427853138
1427882640,201504011803_126_53279_15566877,1,33010001,17260,0,0,0,0,0,0,0,50,0,4,1202122830,302931170,1202168184,302906911,1427851617
1427882640,201504011803_111_57653_2220104,1,33010003,21481170,0,0,0,0,24,47,0,50,4,4,302354690,251855122,302410007,251819271,1427852488
1427882640,201504011803_111_58421_2225566,1,33010003,2868987809,0,0,0,0,256,0,0,50,4,4,-669906404,-2045836543,-671492592,-2044649426,1427850644
1427882640,201504011803_111_33846_2226019,1,33010003,2298562294,0,0,0,0,256,256,0,50,4,4,1343333842,1980695297,1343209567,1981234384,1427850300
1427882640,201504011803_126_25894_15572670,1,33010001,22447,0,0,0,0,45,2,0,50,1,4,1522040670,622133830,1522139579,622177330,1427851739
1427882640,201504011803_111_56124_2230871,1,33010003,1201999670,0,0,0,0,143,256,0,50,4,4,164111887,50401795,164229166,50401378,1427850624
1427882640,201504011803_126_23079_15573762,1,33010001,17362,0,0,0,0,225,1,0,50,1,4,1202507170,302982500,1202551941,302957995,1427853138
1427882640,201504011803_126_44072_15574800,1,33010001,17260,0,0,0,0,0,0,0,50,0,4,1202122830,302931170,1202168184,302906911,1427851617
1427882640,201504011803_111_10305_2237917,1,33010003,3321972643,0,0,0,0,256,0,0,50,4,4,-1542319568,1611596545,-1542859006,1612156574,1427851520
1427882640,201504011803_111_47684_2246496,1,33010003,1201044850,0,0,0,0,12,256,0,50,4,4,238866447,50401795,238940361,50397054,1427850412
1427882640,201504011803_126_54062_15580446,1,33010001,22447,0,0,0,0,45,2,0,50,1,4,1522040670,622133830,1522139579,622177330,1427851739
1427882640,201504011803_126_7728_15581671,1,33010001,17362,0,0,0,0,225,1,0,50,1,4,1202507170,302982500,1202551941,302957995,1427853138
1427882640,201504011803_111_15180_2254586,1,33010003,808132970,0,0,0,0,0,0,0,50,1,4,1201467260,303099540,1201514471,303076434,1427850803
1427882640,201504011803_111_15180_2255090,1,33010003,4177469975,0,0,0,0,335,33,0,50,1,4,1201004130,303329330,1201052270,303306698,1427851290
1427882640,201504011803_111_20300_2258530,1,33010003,1201947200,0,0,0,0,219,256,0,50,4,4,220247567,50401795,220334573,50399758,1427850624
1427882640,201504011803_126_26673_15582700,1,33010001,17260,0,0,0,0,0,0,0,50,0,4,1202122830,302931170,1202168184,302906911,1427851617
1427882700,201504011804_126_45879_15588352,1,33010001,22447,0,0,0,0,45,2,0,50,1,4,1522040670,622133830,1522139579,622177330,1427851739
1427882700,201504011804_111_11095_2275298,1,33010003,385959840,0,0,0,0,256,256,0,50,4,4,-1475210303,-1274084607,-1473713324,-1272272843,1427850377
1427882700,201504011804_126_18233_15589585,1,33010001,17362,0,0,0,0,225,1,0,50,1,4,1202507170,302982500,1202551941,302957995,1427853138
1427882700,201504011804_126_19770_15590630,1,33010001,17260,0,0,0,0,0,0,0,50,0,4,1202122830,302931170,1202168184,302906911,1427851617
1427882700,201504011804_111_63578_2281117,1,33010003,2298562294,0,0,0,0,256,0,0,50,4,4,-703486457,2014249729,-704621280,2015191507,1427850496
1427882700,201504011804_111_26718_2283346,1,33010003,1201999660,0,0,0,0,161,256,0,50,4,4,164117007,50401796,164234281,50401377,1427850624
1427882700,201504011804_126_46144_15596440,1,33010001,22447,0,0,0,0,45,2,0,50,1,4,1522040670,622133830,1522139579,622177330,1427851739
1427882700,201504011804_126_64833_15597614,1,33010001,17362,0,0,0,0,225,1,0,50,1,4,1202507170,302982500,1202551941,302957995,1427853138
1427882700,201504011804_111_46437_2294351,1,33010003,1201686240,0,0,0,0,241,256,0,50,4,4,187261967,50401796,187361871,50399225,1427851976
1427882700,201504011804_111_46437_2295415,1,33010003,3389081509,0,0,0,0,256,0,0,50,4,4,840046629,1443824385,840022033,1444016975,1427851776
1427882700,201504011804_111_46437_2296062,1,33010003,808132970,0,0,0,0,0,0,0,50,1,4,1201467310,303099540,1201514520,303076434,1427850806
1427882700,201504011804_126_40514_15598238,1,33010001,17563,0,0,0,0,350,37,0,50,1,4,1201657400,302786980,1201704035,302763500,1427853110
1427882700,201504011804_126_11331_15598692,1,33010001,17260,0,0,0,0,0,0,0,50,0,4,1202122830,302931170,1202168184,302906911,1427851617
1427882700,201504011804_111_39273_2298723,1,33010003,21471016,0,0,0,0,24,47,0,50,4,4,302760930,251855122,302816138,251819361,1427853056
1427882700,201504011804_111_41321_2304786,1,33010003,1201948760,0,0,0,0,219,256,0,50,4,4,222554127,50401796,222638627,50399015,1427852100
1427882700,201504011804_111_41321_2304860,1,33010003,21471115,0,0,0,0,24,47,0,50,4,4,302763280,251855122,302818489,251819364,1427850629
1427882700,201504011804_111_61292_2306986,1,33010003,1201864760,0,0,0,0,215,256,0,50,4,4,209938447,50401795,210028135,50398937,1427852280
1427882700,201504011804_111_61292_2308303,1,33010003,4177469975,0,0,0,0,326,0,0,50,1,4,1200996050,303342350,1201044199,303319721,1427851314
1427882700,201504011804_126_31817_15604506,1,33010001,22447,0,0,0,0,45,2,0,50,1,4,1522040670,622133830,1522139579,622177330,1427851739
1427882700,201504011804_111_39281_2311666,1,33010003,2298562294,0,0,0,0,256,256,0,50,4,4,-2112772609,1645150977,-2113067766,1645653158,1427851896
1427882700,201504011804_126_587_15605734,1,33010001,17362,0,0,0,0,225,1,0,50,1,4,1202507170,302982500,1202551941,302957995,1427853138
1427882700,201504011804_126_10060_15606792,1,33010001,17260,0,0,0,0,0,0,0,50,0,4,1202122830,302931170,1202168184,302906911,1427851617
1427882760,201504011805_111_20860_2329649,1,33010003,3321972643,0,0,0,0,256,0,0,50,4,4,-1475210704,1443824385,-1475847311,1444247130,1427851776
1427882760,201504011805_126_26450_15612463,1,33010001,22447,0,0,0,0,45,2,0,50,1,4,1522040670,622133830,1522139579,622177330,1427851739
1427882760,201504011805_111_18559_2331949,1,33010003,385959839,0,0,0,0,256,256,0,50,4,4,-837676078,-1978727679,-839340362,-1977493205,1427853577
1427882760,201504011805_111_20607_2337267,1,33010003,1201268270,0,0,0,0,139,256,0,50,4,4,346688527,50401796,346755738,50396875,1427851724
1427882760,201504011805_126_47187_15613710,1,33010001,17362,0,0,0,0,225,1,0,50,1,4,1202507170,302982500,1202551941,302957995,1427853138
1427882760,201504011805_126_64340_15614736,1,33010001,17260,0,0,0,0,0,0,0,50,0,4,1202122830,302931170,1202168184,302906911,1427851617
1427882760,201504011805_111_7941_2339309,1,33010003,808132970,0,0,0,0,0,0,0,50,1,4,1201467310,303099540,1201514520,303076434,1427850806
1427882760,201504011805_111_54793_2347769,1,33010003,21471103,0,0,0,0,24,47,0,50,4,4,302763170,251855122,302818379,251819364,1427851169
1427882760,201504011805_111_54793_2348614,1,33010003,4177469975,0,0,0,0,326,0,0,50,1,4,1200996050,303342350,1201044199,303319721,1427851314
1427882760,201504011805_126_30043_15620527,1,33010001,22447,0,0,0,0,45,2,0,50,1,4,1522040670,622133830,1522139579,622177330,1427851739
1427882760,201504011805_126_48732_15621699,1,33010001,17362,0,0,0,0,225,1,0,50,1,4,1202507170,302982500,1202551941,302957995,1427853138
1427882760,201504011805_126_55133_15622675,1,33010001,17260,0,0,0,0,0,0,0,50,0,4,1202122830,302931170,1202168184,302906911,1427851617
1427882760,201504011805_111_26391_2367142,1,33010003,2298562294,0,0,0,0,256,256,0,50,4,4,-770595305,403636993,-769761842,403705458,1427850349
1427882760,201504011805_111_24_2370009,1,33010003,2717992873,0,0,0,0,256,256,0,50,4,4,-502132005,504300289,-500936245,504397050,1427852033
1427882760,201504011805_126_23140_15628642,1,33010001,22447,0,0,0,0,45,2,0,50,1,4,1522040670,622133830,1522139579,622177330,1427851739
1427882760,201504011805_126_40550_15630834,1,33010001,17260,0,0,0,0,0,0,0,50,0,4,1202122830,302931170,1202168184,302906911,1427851617
1427882760,201504011805_126_18791_15631295,1,33010001,17362,0,0,0,0,225,1,0,50,1,4,1202507170,302982500,1202551941,302957995,1427853138
1427882820,201504011806_126_60268_15636380,1,33010001,22447,0,0,0,0,45,2,0,50,1,4,1522040670,622133830,1522139579,622177330,1427851739
1427882820,201504011806_126_29294_15637749,1,33010001,17362,0,0,0,0,225,1,0,50,1,4,1202507170,302982500,1202551941,302957995,1427853138
1427882820,201504011806_126_51055_15638795,1,33010001,17260,0,0,0,0,0,0,0,50,0,4,1202122830,302931170,1202168184,302906911,1427851617
1427882820,201504011806_111_22577_2407530,1,33010003,989939619,0,0,0,0,256,0,0,50,4,4,739376773,1443824385,739362169,1444003547,1427852288
1427882820,201504011806_126_15478_15644647,1,33010001,22447,0,0,0,0,45,2,0,50,1,4,1522040670,622133830,1522139579,622177330,1427851739
1427882820,201504011806_126_32887_15645867,1,33010001,17362,0,0,0,0,225,1,0,50,1,4,1202507170,302982500,1202551941,302957995,1427853138
1427882820,201504011806_126_56952_15646888,1,33010001,17260,0,0,0,0,0,0,0,50,0,4,1202122830,302931170,1202168184,302906911,1427851617
1427882820,201504011806_111_40248_2417546,1,33010003,4227942308,0,0,0,0,256,0,0,50,4,4,538053774,638518017,538158260,638518651,1427853080
1427882820,201504011806_111_40248_2417554,1,33010003,4227942308,0,0,0,0,256,0,0,50,4,4,538053774,638518017,538158260,638518651,1427853080
1427882820,201504011806_111_40248_2417556,1,33010003,4227942308,0,0,0,0,256,0,0,50,4,4,538053774,638518017,538158260,638518651,1427853080
1427882820,201504011806_111_63290_2424905,1,33010003,1426147235,0,0,0,0,256,0,0,50,4,4,-435023737,-1508965631,-425739184,-1507170711,1427852844
1427882820,201504011806_111_54847_2426741,1,33010003,2667661241,0,0,0,0,256,0,0,50,4,4,1477578818,336528129,1477606123,336518744,1427852288
1427882820,201504011806_111_54847_2426744,1,33010003,2667661241,0,0,0,0,256,0,0,50,4,4,1477578818,336528129,1477606123,336518744,1427852288
1427882820,201504011806_111_55615_2427224,1,33010003,1200989410,0,0,0,0,82,256,0,50,4,4,230561807,50401798,230644424,50400406,1427852828
1427882820,201504011806_111_57663_2431163,1,33010003,67192752,0,0,0,0,256,0,0,50,4,4,974256579,-1878064383,974194867,-1877262612,1427852288
1427882820,201504011806_111_57663_2431171,1,33010003,67192752,0,0,0,0,256,0,0,50,4,4,2115107276,-770768127,2115594908,-768518529,1427852544
1427882820,201504011806_126_12415_15652735,1,33010001,22447,0,0,0,0,45,2,0,50,1,4,1522040670,622133830,1522139579,622177330,1427851739
1427882820,201504011806_126_12415_15652971,1,33010001,17362,0,0,0,0,225,1,0,50,0,4,1202507170,302982500,1202551941,302957995,1427853138
1427882820,201504011806_111_39234_2433556,1,33010003,4177469975,0,0,0,0,321,5,0,50,1,4,1200963370,303377480,1201011550,303354856,1427851468
1427882820,201504011806_126_52482_15654957,1,33010001,17260,0,0,0,0,0,0,0,50,0,4,1202122830,302931170,1202168184,302906911,1427851617
1427882880,201504011807_111_50509_2449589,1,33010003,808132970,0,0,0,0,0,0,0,50,1,4,1201466720,303099060,1201513932,303075954,1427851009
1427882880,201504011807_126_43529_15660793,1,33010001,22447,0,0,0,0,45,2,0,50,1,4,1522040670,622133830,1522139579,622177330,1427851739
1427882880,201504011807_126_63753_15661060,1,33010001,17362,0,0,0,0,225,1,0,50,0,4,1202507170,302982500,1202551941,302957995,1427853138
1427882880,201504011807_126_20236_15663110,1,33010001,17260,0,0,0,0,0,0,0,50,0,4,1202122830,302931170,1202168184,302906911,1427851617
1427882880,201504011807_126_49170_15668958,1,33010001,22447,0,0,0,0,45,2,0,50,1,4,1522040670,622133830,1522139579,622177330,1427851739
1427882880,201504011807_126_6419_15669096,1,33010001,17362,0,0,0,0,225,1,0,50,0,4,1202507170,302982500,1202551941,302957995,1427853138
1427882880,201504011807_126_33045_15671137,1,33010001,17260,0,0,0,0,0,0,0,50,0,4,1202122830,302931170,1202168184,302906911,1427851617
1427882880,201504011807_111_43875_2486169,1,33010003,1610696626,0,0,0,0,256,0,0,50,4,4,336733522,-133233919,336513363,-130780424,1427853161
1427882880,201504011807_111_42339_2482693,1,33010003,3389081510,0,0,0,0,256,256,0,50,4,4,-1475209491,1477378817,-1475828615,1477817082,1427852436
1427882880,201504011807_111_17000_2495222,1,33010003,808132970,0,0,0,0,0,0,0,50,1,4,1201466720,303099060,1201513932,303075954,1427851009
1427882880,201504011807_126_39963_15676899,1,33010001,22447,0,0,0,0,45,2,0,50,1,4,1522040670,622133830,1522139579,622177330,1427851739
1427882880,201504011807_126_61979_15677105,1,33010001,17362,0,0,0,0,225,1,0,50,0,4,1202507170,302982500,1202551941,302957995,1427853138
1427882880,201504011807_126_17694_15679114,1,33010001,17260,0,0,0,0,0,0,0,50,0,4,1202122830,302931170,1202168184,302906911,1427851617
1427882940,201504011808_126_48420_15684923,1,33010001,22447,0,0,0,0,45,2,0,50,1,4,1522040670,622133830,1522139579,622177330,1427851739
1427882940,201504011808_126_5925_15685062,1,33010001,17362,0,0,0,0,225,1,0,50,0,4,1202507170,302982500,1202551941,302957995,1427853138
1427882940,201504011808_126_24615_15687229,1,33010001,17260,0,0,0,0,0,0,0,50,0,4,1202122830,302931170,1202168184,302906911,1427851617
1427882940,201504011808_111_42365_2522380,1,33010003,4177469975,0,0,0,0,72,19,0,50,1,4,1200973120,303410770,1201021295,303388151,1427851560
1427882940,201504011808_111_42365_2522595,1,33010003,21469323,0,0,0,0,24,47,0,50,4,4,303127360,251855122,303182981,251819894,1427850752
1427882940,201504011808_111_44413_2523427,1,33010003,1201142630,0,0,0,0,169,256,0,50,4,4,191094287,50401799,191194786,50401127,1427851776
1427882940,201504011808_111_47741_2527102,1,33010003,2868987803,0,0,0,0,256,256,0,50,4,4,-166589588,-301006079,-164024542,-297443583,1427853117
1427882940,201504011808_126_55085_15693050,1,33010001,22447,0,0,0,0,45,2,0,50,1,4,1522040670,622133830,1522139579,622177330,1427851739
1427882940,201504011808_126_55085_15693132,1,33010001,17362,0,0,0,0,225,1,0,50,0,4,1202507170,302982500,1202551941,302957995,1427853138
1427882940,201504011808_126_13360_15695138,1,33010001,17260,0,0,0,0,0,0,0,50,0,4,1202122830,302931170,1202168184,302906911,1427851617
1427882940,201504011808_111_55561_2543168,1,33010003,808132970,0,0,0,0,0,0,0,50,1,4,1201466720,303099060,1201513932,303075954,1427851009
1427882940,201504011808_111_55561_2543486,1,33010003,21481196,0,0,0,0,24,47,0,50,4,4,302351590,251855122,302406910,251819273,1427850752
1427882940,201504011808_111_11534_2547257,1,33010003,469845932,0,0,0,0,256,0,0,50,4,4,-1810754465,-66125055,-1808996403,-62793154,1427853056
1427882940,201504011808_111_11534_2547259,1,33010003,469845932,0,0,0,0,256,0,0,50,4,4,-1810754465,-66125055,-1808996403,-62793154,1427853056
1427882940,201504011808_111_11534_2547261,1,33010003,469845932,0,0,0,0,256,0,0,50,4,4,-1810754465,-66125055,-1808996403,-62793154,1427853056
1427882940,201504011808_111_5137_2551890,1,33010003,4160833433,0,0,0,0,256,256,0,50,4,4,571610469,1343161089,571556006,1343295946,1427853537
1427882940,201504011808_111_5137_2553002,1,33010003,3321972628,0,0,0,0,256,0,0,50,4,4,1309804952,1947140865,1309686489,1947650968,1427853056
1427882940,201504011808_126_29750_15700814,1,33010001,22447,0,0,0,0,45,2,0,50,1,4,1522040670,622133830,1522139579,622177330,1427851739
1427882940,201504011808_126_52022_15701076,1,33010001,17362,0,0,0,0,225,1,0,50,0,4,1202507170,302982500,1202551941,302957995,1427853138
1427882940,201504011808_111_5909_2556490,1,33010003,1201883230,0,0,0,0,219,256,0,50,4,4,225810447,50401800,225891226,50397191,1427851776
1427882940,201504011808_126_14137_15703102,1,33010001,17260,0,0,0,0,0,0,0,50,0,4,1202122830,302931170,1202168184,302906911,1427851617
1427883000,201504011809_126_31551_15708585,1,33010001,22447,0,0,0,0,45,2,0,50,1,4,1522040670,622133830,1522139579,622177330,1427851739
1427883000,201504011809_126_5185_15709953,1,33010001,17362,0,0,0,0,225,1,0,50,0,4,1202507170,302982500,1202551941,302957995,1427853138
1427883000,201504011809_111_9763_2578949,1,33010003,1202061280,0,0,0,0,203,256,0,50,4,4,119670287,50401800,119798031,50399000,1427850568
1427883000,201504011809_126_7746_15711003,1,33010001,17260,0,0,0,0,0,0,0,50,0,4,1202122830,302931170,1202168184,302906911,1427851617
1427883000,201504011809_111_28714_2588419,1,33010003,268519333,0,0,0,0,256,256,0,50,4,4,-1173222960,1846477569,-1173960440,1847241494,1427851148
1427883000,201504011809_111_28714_2588862,1,33010003,1201189230,0,0,0,0,139,256,0,50,4,4,346726927,50401801,346794223,50396953,1427850624
1427883000,201504011809_111_28714_2588864,1,33010003,1201189230,0,0,0,0,139,256,0,50,4,4,346726927,50401801,346794223,50396953,1427850624
1427883000,201504011809_111_30762_2591521,1,33010003,2281785232,0,0,0,0,256,256,0,50,4,4,470944974,-200342783,470834089,-197916789,1427850876
1427883000,201504011809_126_48200_15716563,1,33010001,22447,0,0,0,0,45,2,0,50,1,4,1522040670,622133830,1522139579,622177330,1427851739
1427883000,201504011809_126_48200_15716793,1,33010001,17362,0,0,0,0,225,1,0,50,0,4,1202507170,302982500,1202551941,302957995,1427853138
1427883000,201504011809_111_2865_2600255,1,33010003,469845932,0,0,0,0,256,0,0,50,4,4,-1810754465,-66125055,-1808996403,-62793154,1427853056
1427883000,201504011809_111_2865_2600257,1,33010003,469845932,0,0,0,0,256,0,0,50,4,4,-1810754465,-66125055,-1808996403,-62793154,1427853056
1427883000,201504011809_111_2865_2600259,1,33010003,469845932,0,0,0,0,256,256,0,50,4,4,303174723,1678705409,303194824,1678968289,1427850728
1427883000,201504011809_111_4145_2602919,1,33010003,989939618,0,0,0,0,256,256,0,50,4,4,135397067,-1508965631,135039431,-1508050964,1427851149
1427883000,201504011809_126_6219_15718852,1,33010001,17260,0,0,0,0,0,0,0,50,0,4,1202122830,302931170,1202168184,302906911,1427851617
1427883000,201504011809_111_27702_2607547,1,33010003,21469323,0,0,0,0,24,47,0,50,4,4,303127360,251855122,303182981,251819894,1427850624
1427883000,201504011809_111_56888_2614091,1,33010003,2667661241,0,0,0,0,256,0,0,50,4,4,1309806659,739181313,1310039550,739201719,1427850368
1427883000,201504011809_111_56888_2614097,1,33010003,2667661241,0,0,0,0,256,0,0,50,4,4,806490178,-1777401087,806466191,-1776570614,1427853568
1427883000,201504011809_126_29777_15724390,1,33010001,22447,0,0,0,0,45,2,0,50,1,4,1522040670,622133830,1522139579,622177330,1427851739
1427883000,201504011809_126_51537_15724587,1,33010001,17362,0,0,0,0,225,1,0,50,0,4,1202507170,302982500,1202551941,302957995,1427853138
1427883000,201504011809_111_1597_2617926,1,33010003,808132970,0,0,0,0,0,0,0,50,1,4,1201466930,303099250,1201514142,303076144,1427851157
1427883000,201504011809_111_1597_2617929,1,33010003,808132970,0,0,0,0,0,0,0,50,1,4,1201466880,303099170,1201514092,303076064,1427851170
1427883000,201504011809_111_5949_2620969,1,33010003,1610696625,0,0,0,0,256,0,0,50,4,4,1376920885,1712259841,1376812585,1712678013,1427850745
1427883000,201504011809_126_4436_15726695,1,33010001,17260,0,0,0,0,0,0,0,50,0,4,1202122830,302931170,1202168184,302906911,1427851617
1427883060,201504011810_111_1352_2640279,1,33010003,1203078150,0,0,0,0,190,256,0,50,4,4,560794127,50401801,560860113,50397709,1427851776
1427883060,201504011810_126_39002_15732349,1,33010001,22447,0,0,0,0,45,2,0,50,1,4,1522040670,622133830,1522139579,622177330,1427851739
1427883060,201504011810_126_13659_15733068,1,33010001,17362,0,0,0,0,225,1,0,50,0,4,1202507170,302982500,1202551941,302957995,1427853138
1427883060,201504011810_126_61276_15734603,1,33010001,17260,0,0,0,0,0,0,0,50,0,4,1202122830,302931170,1202168184,302906911,1427851617
1427883060,201504011810_126_24931_15740439,1,33010001,22447,0,0,0,0,45,2,0,50,1,4,1522040670,622133830,1522139579,622177330,1427851739
1427883060,201504011810_126_44643_15740558,1,33010001,17362,0,0,0,0,225,1,0,50,0,4,1202507170,302982500,1202551941,302957995,1427853138
1427883060,201504011810_126_65125_15742752,1,33010001,17260,0,0,0,0,0,0,0,50,0,4,1202122830,302931170,1202168184,302906911,1427851617
1427883060,201504011810_111_10074_2662351,1,33010003,4177469975,0,0,0,0,356,35,0,50,1,4,1201013920,303476870,1201062063,303454259,1427851687
1427883060,201504011810_111_7518_2665514,1,33010003,808132970,0,0,0,0,0,0,0,50,1,4,1201466860,303099130,1201514072,303076024,1427851220
1427883060,201504011810_126_23404_15748428,1,33010001,22447,0,0,0,0,45,2,0,50,1,4,1522040670,622133830,1522139579,622177330,1427851739
1427883060,201504011810_126_42092_15748640,1,33010001,17362,0,0,0,0,225,1,0,50,0,4,1202507170,302982500,1202551941,302957995,1427853138
1427883060,201504011810_126_6511_15750627,1,33010001,17260,0,0,0,0,0,0,0,50,0,4,1202122830,302931170,1202168184,302906911,1427851617
1427883120,201504011811_126_30069_15756335,1,33010001,17362,0,0,0,0,225,1,0,50,0,4,1202507170,302982500,1202551941,302957995,1427853138
1427883120,201504011811_126_50551_15758402,1,33010001,17260,0,0,0,0,0,0,0,50,0,4,1202122830,302931170,1202168184,302906911,1427851617
1427883120,201504011811_111_26231_2705967,1,33010003,1426147235,0,0,0,0,256,256,0,50,4,4,2115112793,1980695297,2114788946,1981360741,1427851976
1427883120,201504011811_111_27255_2708364,1,33010003,1201165380,0,0,0,0,139,256,0,50,4,4,350295567,50401803,350366025,50398712,1427850888
1427883120,201504011811_126_6779_15761157,1,33010001,22447,0,0,0,0,45,2,0,50,0,4,1522040670,622133830,1522139579,622177330,1427851739
1427883120,201504011811_111_64891_2712702,1,33010003,385959838,0,0,0,0,256,256,0,50,4,4,-2045635839,-1072758015,-2044971478,-1070895544,1427851492
1427883120,201504011811_111_124_2715324,1,33010003,808132970,0,0,0,0,0,0,0,50,1,4,1201466890,303099170,1201514102,303076064,1427851299
1427883120,201504011811_126_45438_15764270,1,33010001,17362,0,0,0,0,225,1,0,50,0,4,1202507170,302982500,1202551941,302957995,1427853138
1427883120,201504011811_111_41086_2718338,1,33010003,21481194,0,0,0,0,24,47,0,50,4,4,302351700,251855122,302407020,251819273,1427852288
1427883120,201504011811_111_44670_2722089,1,33010003,2868987802,0,0,0,0,256,256,0,50,4,4,-99480734,470745857,-98007851,470851073,1427851693
1427883120,201504011811_111_44670_2722547,1,33010003,1202933490,0,0,0,0,245,256,0,50,4,4,575199247,50401803,575270341,50395208,1427850624
1427883120,201504011811_126_17666_15766301,1,33010001,17260,0,0,0,0,0,0,0,50,0,4,1202122830,302931170,1202168184,302906911,1427851617
1427883120,201504011811_111_33029_2728449,1,33010003,1610696626,0,0,0,0,256,256,0,50,4,4,1611802108,1477378817,1611635091,1477673883,1427852036
1427883120,201504011811_126_43269_15769035,1,33010001,22447,0,0,0,0,45,2,0,50,0,4,1522040670,622133830,1522139579,622177330,1427851739
1427883120,201504011811_111_21000_2731334,1,33010003,21468151,0,0,0,0,24,47,0,50,4,4,302611710,251855122,302666878,251819257,1427852288
1427883120,201504011811_111_22024_2732885,1,33010003,1203077320,0,0,0,0,190,256,0,50,4,4,560832527,50401803,560898540,50397739,1427850624
1427883120,201504011811_111_22280_2733529,1,33010003,989939618,0,0,0,0,256,0,0,50,4,4,1142030224,-1039203583,1142181262,-1037593369,1427851136
1427883120,201504011811_111_26380_2734649,1,33010003,4177469975,0,0,0,0,87,58,0,50,1,4,1201051300,303510680,1201099404,303488067,1427851768
1427883120,201504011811_111_29708_2736888,1,33010003,21471997,0,0,0,0,24,47,0,50,4,4,302717250,251855122,302772437,251819323,1427852288
1427883120,201504011811_111_12303_2740632,1,33010003,3271640979,0,0,0,0,256,0,0,50,4,4,-904789673,-703659263,-903528736,-700939420,1427851737
1427883120,201504011811_111_15119_2742417,1,33010003,3389081510,0,0,0,0,256,0,0,50,4,4,974263562,1611596545,974242070,1611923248,1427851136
1427883120,201504011811_126_40971_15774249,1,33010001,17260,0,0,0,0,0,0,0,50,0,4,1202122830,302931170,1202168184,302906911,1427851617
1427883180,201504011812_126_10514_15780038,1,33010001,17362,0,0,0,0,225,1,0,50,0,4,1202507170,302982500,1202551941,302957995,1427853138
1427883180,201504011812_111_45597_2764273,1,33010003,4177469975,0,0,0,0,88,41,0,50,1,4,1201107420,303512400,1201155449,303489764,1427851808
1427883180,201504011812_126_46100_15782081,1,33010001,17260,0,0,0,0,0,0,0,50,0,4,1202122830,302931170,1202168184,302906911,1427851617
1427883180,201504011812_126_536_15785109,1,33010001,22447,0,0,0,0,45,2,0,50,0,4,1522040670,622133830,1522139579,622177330,1427851739
1427883180,201504011812_111_4901_2771839,1,33010003,2281785234,0,0,0,0,256,0,0,50,4,4,-1710093099,1376715521,-1710646249,1377087544,1427850880
1427883180,201504011812_111_7205_2773426,1,33010003,3321972630,0,0,0,0,256,0,0,50,4,4,940705709,1041171201,940634471,1041267744,1427853388
1427883180,201504011812_111_7205_2773908,1,33010003,1190417540,0,0,0,0,60,256,0,50,4,4,-1518335473,50401804,-1518082435,50374977,1427850624
1427883180,201504011812_111_7205_2773910,1,33010003,1190417540,0,0,0,0,60,256,0,50,4,4,-1518335473,50401804,-1518082435,50374977,1427850624
1427883180,201504011812_111_7205_2773912,1,33010003,1190417540,0,0,0,0,247,256,0,50,4,4,-1518335473,50401804,-1518082435,50374977,1427850624
1427883180,201504011812_111_34599_2776317,1,33010003,3271640979,0,0,0,0,256,256,0,50,4,4,-1911422597,135201537,-1911230839,135188123,1427852849
1427883180,201504011812_126_17436_15788738,1,33010001,17362,0,0,0,0,225,1,0,50,0,4,1202507170,302982500,1202551941,302957995,1427853138
1427883180,201504011812_126_37405_15790019,1,33010001,17260,0,0,0,0,0,0,0,50,0,4,1202122830,302931170,1202168184,302906911,1427851617
1427883180,201504011812_111_50478_2794188,1,33010003,4177469975,0,0,0,0,48,13,0,50,1,4,1201145700,303513970,1201193669,303491311,1427851843
1427883180,201504011812_126_55328_15792879,1,33010001,22447,0,0,0,0,45,2,0,50,0,4,1522040670,622133830,1522139579,622177330,1427851739
1427883180,201504011812_111_40499_2796201,1,33010003,808132970,0,0,0,0,0,0,0,50,1,4,1201466850,303099130,1201514062,303076024,1427851307
1427883180,201504011812_126_9764_15795844,1,33010001,17362,0,0,0,0,225,1,0,50,0,4,1202507170,302982500,1202551941,302957995,1427853138
1427883180,201504011812_111_61750_2801130,1,33010003,872499117,0,0,0,0,256,0,0,50,0,4,-1676546693,-804322559,-1675784444,-801963933,1427851164
1427883180,201504011812_111_61750_2801386,1,33010003,1190417540,0,0,0,0,60,256,0,50,4,4,-1518335473,50401804,-1518082435,50374977,1427850624
1427883180,201504011812_126_38950_15797886,1,33010001,17260,0,0,0,0,0,0,0,50,0,4,1202122830,302931170,1202168184,302906911,1427851617
1427883240,201504011813_126_65068_15803735,1,33010001,17362,0,0,0,0,225,1,0,50,0,4,1202507170,302982500,1202551941,302957995,1427853138
1427883240,201504011813_111_14658_2819198,1,33010003,1201737400,0,0,0,0,54,256,0,50,4,4,122468367,50401805,122594827,50399931,1427850792
1427883240,201504011813_111_17730_2821638,1,33010003,1201611560,0,0,0,0,241,256,0,50,4,4,188513807,50401804,188611923,50397956,1427852760
1427883240,201504011813_126_39471_15805879,1,33010001,17260,0,0,0,0,0,0,0,50,0,4,1202122830,302931170,1202168184,302906911,1427851617
1427883240,201504011813_111_4166_2828684,1,33010003,21469323,0,0,0,0,24,47,0,50,4,4,303127330,251855122,303182951,251819894,1427852928
1427883240,201504011813_111_31817_2831346,1,33010003,4177469975,0,0,0,0,357,22,0,50,1,4,1201146950,303524300,1201194918,303501642,1427851862
1427883240,201504011813_126_43314_15808632,1,33010001,22447,0,0,0,0,45,2,0,50,0,4,1522040670,622133830,1522139579,622177330,1427851739
1427883240,201504011813_126_65333_15811626,1,33010001,17362,0,0,0,0,225,1,0,50,0,4,1202507170,302982500,1202551941,302957995,1427853138
1427883240,201504011813_126_16438_15811857,1,33010001,14956,0,0,0,0,120,22,0,50,0,4,1202049400,302941300,1202094931,302917144,1427852435
1427883240,201504011813_126_18744_15813689,1,33010001,17260,0,0,0,0,0,0,0,50,0,4,1202122830,302931170,1202168184,302906911,1427851617
1427883240,201504011813_111_43348_2851411,1,33010003,1201559360,0,0,0,0,186,256,0,50,4,4,189002767,50401805,189100228,50397468,1427850500
1427883240,201504011813_126_41275_15816427,1,33010001,22447,0,0,0,0,45,2,0,50,0,4,1522040670,622133830,1522139579,622177330,1427851739
1427883240,201504011813_126_53310_15819457,1,33010001,17362,0,0,0,0,225,1,0,50,0,4,1202507170,302982500,1202551941,302957995,1427853138
1427883240,201504011813_111_32860_2857669,1,33010003,21472916,0,0,0,0,24,47,0,50,4,4,302579340,251855122,302634511,251819245,1427850512
1427883240,201504011813_111_21855_2864769,1,33010003,808132970,0,0,0,0,0,0,0,50,1,4,1201466850,303099130,1201514062,303076024,1427851307
1427883240,201504011813_111_27231_2865849,1,33010003,1201114380,0,0,0,0,139,256,0,50,4,4,358303247,50401805,358371927,50396794,1427850796
1427883240,201504011813_111_27231_2866011,1,33010003,1201744110,0,0,0,0,235,256,0,50,4,4,127811087,50401805,127935106,50399702,1427851608
1427883240,201504011813_126_13633_15821543,1,33010001,17260,0,0,0,0,0,0,0,50,0,4,1202122830,302931170,1202168184,302906911,1427851617
1427883300,201504011814_126_62023_15827261,1,33010001,17362,0,0,0,0,225,1,0,50,0,4,1202507170,302982500,1202551941,302957995,1427853138
1427883300,201504011814_111_52075_2886205,1,33010003,1587490,0,0,0,0,0,9,0,50,4,4,486623137,1157894672,486577822,1157996731,1427852670
1427883300,201504011814_126_17226_15829291,1,33010001,17260,0,0,0,0,0,0,0,50,0,4,1202122830,302931170,1202168184,302906911,1427851617
1427883300,201504011814_126_19021_15831929,1,33010001,22447,0,0,0,0,45,2,0,50,0,4,1522040670,622133830,1522139579,622177330,1427851739
1427883300,201504011814_111_16757_2898903,1,33010003,1201377050,0,0,0,0,235,256,0,50,4,4,206984207,50401805,207073589,50398696,1427850624
1427883300,201504011814_111_16757_2899215,1,33010003,1201554580,0,0,0,0,241,256,0,50,4,4,188925967,50401805,189023473,50397487,1427852228
1427883300,201504011814_126_50256_15834913,1,33010001,17362,0,0,0,0,225,1,0,50,0,4,1202507170,302982500,1202551941,302957995,1427853138
1427883300,201504011814_126_1875_15837025,1,33010001,17260,0,0,0,0,0,0,0,50,0,4,1202122830,302931170,1202168184,302906911,1427851617
1427883300,201504011814_126_22358_15839941,1,33010001,22447,0,0,0,0,45,2,0,50,0,4,1522040670,622133830,1522139579,622177330,1427851739
1427883300,201504011814_111_43521_2917652,1,33010003,4177469975,0,0,0,0,12,13,0,50,1,4,1201145280,303530520,1201193251,303507864,1427851943
1427883300,201504011814_111_21765_2922910,1,33010003,808132970,0,0,0,0,0,0,0,50,1,4,1201466910,303099130,1201514122,303076024,1427851495
1427883300,201504011814_126_42329_15842804,1,33010001,17362,0,0,0,0,225,1,0,50,0,4,1202507170,302982500,1202551941,302957995,1427853138
1427883300,201504011814_126_56155_15844891,1,33010001,17260,0,0,0,0,0,0,0,50,0,4,1202122830,302931170,1202168184,302906911,1427851617
1427883300,201504011814_111_40457_2924927,1,33010003,1201996750,0,0,0,0,143,256,0,50,4,4,161321487,50401806,161440289,50401197,1427850624
1427883300,201504011814_111_42761_2928085,1,33010003,1202928360,0,0,0,0,245,256,0,50,4,4,575027727,50401806,575099263,50395722,1427851776
1427883360,201504011815_126_44898_15850538,1,33010001,17362,0,0,0,0,225,1,0,50,0,4,1202507170,302982500,1202551941,302957995,1427853138
1427883360,201504011815_126_3173_15852656,1,33010001,17260,0,0,0,0,0,0,0,50,0,4,1202122830,302931170,1202168184,302906911,1427851617
1427883360,201504011815_126_25959_15854750,1,33010001,17362,0,0,0,0,225,1,0,50,1,4,1202507170,302982500,1202551941,302957995,1427853138
1427883360,201504011815_126_4968_15855332,1,33010001,22447,0,0,0,0,45,2,0,50,0,4,1522040670,622133830,1522139579,622177330,1427851739
1427883360,201504011815_111_34335_2955108,1,33010003,1201025330,0,0,0,0,82,256,0,50,4,4,191462927,50401806,191562899,50400713,1427851776
1427883360,201504011815_111_34847_2958436,1,33010003,4177469975,0,0,0,0,342,6,0,50,1,4,1201135680,303537420,1201183667,303514771,1427851989
1427883360,201504011815_126_5230_15860379,1,33010001,17260,0,0,0,0,0,0,0,50,0,4,1202122830,302931170,1202168184,302906911,1427851617
1427883360,201504011815_126_26992_15862581,1,33010001,17362,0,0,0,0,225,1,0,50,1,4,1202507170,302982500,1202551941,302957995,1427853138
1427883360,201504011815_126_21873_15863367,1,33010001,22447,0,0,0,0,45,2,0,50,0,4,1522040670,622133830,1522139579,622177330,1427851739
1427883360,201504011815_126_64630_15868508,1,33010001,17260,0,0,0,0,0,0,0,50,0,4,1202122830,302931170,1202168184,302906911,1427851617
1427883420,201504011816_111_55608_2996747,1,33010003,1201025040,0,0,0,0,82,256,0,50,4,4,192492047,50401807,192590276,50399294,1427853488
1427883420,201504011816_111_57144_2998731,1,33010003,1201659100,0,0,0,0,219,256,0,50,4,4,207263247,50401807,207352963,50399055,1427851776
1427883420,201504011816_111_54587_3005969,1,33010003,808132970,0,0,0,0,0,0,0,50,1,4,1201466840,303099060,1201514052,303075954,1427851527
1427883420,201504011816_126_58495_15876375,1,33010001,17260,0,0,0,0,0,0,0,50,0,4,1202122830,302931170,1202168184,302906911,1427851617
1427883420,201504011816_126_34563_15878539,1,33010001,17362,0,0,0,0,225,1,0,50,1,4,1202507170,302982500,1202551941,302957995,1427853138
1427883420,201504011816_126_15108_15879105,1,33010001,22447,0,0,0,0,45,2,0,50,0,4,1522040670,622133830,1522139579,622177330,1427851739
1427883420,201504011816_111_21575_3019708,1,33010003,4177469975,0,0,0,0,2,10,0,50,1,4,1201136130,303548500,1201184118,303525853,1427852034
1427883420,201504011816_111_21575_3019715,1,33010003,4177469975,0,0,0,0,358,0,0,50,1,4,1201134980,303553000,1201182970,303530354,1427852063
1427883420,201504011816_111_24647_3022189,1,33010003,1632885,0,0,0,0,30,313,0,50,4,4,939607968,-445115888,939649478,-442875966,1427853310
1427883420,201504011816_126_40970_15884146,1,33010001,17260,0,0,0,0,0,0,0,50,0,4,1202122830,302931170,1202168184,302906911,1427851617
1427883420,201504011816_126_56588_15886402,1,33010001,17362,0,0,0,0,225,1,0,50,1,4,1202507170,302982500,1202551941,302957995,1427853138
1427883420,201504011816_126_53005_15887120,1,33010001,22447,0,0,0,0,45,2,0,50,0,4,1522040670,622133830,1522139579,622177330,1427851739
1427883420,201504011816_111_41042_3038458,1,33010003,808132970,0,0,0,0,0,0,0,50,1,4,1201466780,303098960,1201513992,303075854,1427851594
1427883420,201504011816_126_24083_15892216,1,33010001,17260,0,0,0,0,0,0,0,50,0,4,1202122830,302931170,1202168184,302906911,1427851617
1427883480,201504011817_126_39452_15900192,1,33010001,17260,0,0,0,0,0,0,0,50,0,4,1202122830,302931170,1202168184,302906911,1427851617
1427883480,201504011817_126_61470_15902385,1,33010001,17362,0,0,0,0,225,1,0,50,1,4,1202507170,302982500,1202551941,302957995,1427853138
1427883480,201504011817_126_38431_15902952,1,33010001,22447,0,0,0,0,45,2,0,50,0,4,1522040670,622133830,1522139579,622177330,1427851739
1427883480,201504011817_126_23333_15908267,1,33010001,17260,0,0,0,0,0,0,0,50,0,4,1202122830,302931170,1202168184,302906911,1427851617
1427883480,201504011817_111_49267_3085057,1,33010003,808132970,0,0,0,0,0,0,0,50,1,4,1201466780,303098960,1201513992,303075854,1427851594
1427883480,201504011817_111_50547_3086825,1,33010003,1201627850,0,0,0,0,148,256,0,50,4,4,204196367,50401809,204288748,50400976,1427853264
1427883480,201504011817_111_1144_3094770,1,33010003,1202928100,0,0,0,0,198,256,0,50,4,4,574938127,50401809,575009897,50395996,1427851776
1427883480,201504011817_126_3625_15911341,1,33010001,17362,0,0,0,0,225,1,0,50,1,4,1202507170,302982500,1202551941,302957995,1427853138
1427883480,201504011817_126_16174_15916111,1,33010001,17260,0,0,0,0,0,0,0,50,0,4,1202122830,302931170,1202168184,302906911,1427851617
1427883480,201504011818_111_62978_3109818,1,33010003,21471129,0,0,0,0,24,47,0,50,4,4,302786690,251855122,302841914,251819387,1427852416
1427883480,201504011818_111_62978_3109820,1,33010003,21471129,0,0,0,0,24,47,0,50,4,4,302786690,251855122,302841914,251819387,1427852416
1427883540,201504011818_111_54286_3124912,1,33010003,1201005310,0,0,0,0,105,256,0,50,4,4,198679567,50401809,198772449,50397618,1427852248
1427883540,201504011818_111_54286_3124925,1,33010003,1201008260,0,0,0,0,31,256,0,50,4,4,201160207,50401809,201254486,50401004,1427852916
1427883540,201504011818_126_34615_15924079,1,33010001,17260,0,0,0,0,0,0,0,50,0,4,1202122830,302931170,1202168184,302906911,1427851617
1427883540,201504011818_111_7954_3131117,1,33010003,808132970,0,0,0,0,0,0,0,50,1,4,1201466780,303098960,1201513992,303075854,1427851594
1427883540,201504011818_126_49977_15926309,1,33010001,17362,0,0,0,0,225,1,0,50,1,4,1202507170,302982500,1202551941,302957995,1427853138
1427883540,201504011818_111_27164_3149714,1,33010003,4177469975,0,0,0,0,358,0,0,50,1,4,1201132670,303555480,1201180664,303532836,1427852174
1427883540,201504011818_126_32064_15931956,1,33010001,17260,0,0,0,0,0,0,0,50,0,4,1202122830,302931170,1202168184,302906911,1427851617
1427883540,201504011818_126_47939_15934937,1,33010001,17362,0,0,0,0,225,1,0,50,1,4,1202507170,302982500,1202551941,302957995,1427853138
1427883540,201504011818_126_11337_15939657,1,33010001,17260,0,0,0,0,0,0,0,50,0,4,1202122830,302931170,1202168184,302906911,1427851617
1427883600,201504011819_111_24882_3181045,1,33010003,1201758990,0,0,0,0,54,256,0,50,4,4,155351567,50401810,155470977,50398629,1427852376
1427883600,201504011819_126_15186_15947456,1,33010001,17260,0,0,0,0,0,0,0,50,0,4,1202122830,302931170,1202168184,302906911,1427851617
1427883600,201504011819_126_15701_15950141,1,33010001,17362,0,0,0,0,225,1,0,50,1,4,1202507170,302982500,1202551941,302957995,1427853138
1427883600,201504011819_111_10817_3205975,1,33010003,21469323,0,0,0,0,24,47,0,50,4,4,303127340,251855122,303182961,251819894,1427851264
1427883600,201504011819_126_22363_15955178,1,33010001,17260,0,0,0,0,0,0,0,50,0,4,1202122830,302931170,1202168184,302906911,1427851617
1427883600,201504011819_111_32072_3210876,1,33010003,4177469975,0,0,0,0,358,0,0,50,1,4,1201132670,303555480,1201180664,303532836,1427852174
1427883600,201504011819_126_50013_15957377,1,33010001,17362,0,0,0,0,225,1,0,50,1,4,1202507170,302982500,1202551941,302957995,1427853138
1427883600,201504011819_126_60511_15959502,1,33010001,17260,0,0,0,0,0,0,0,50,1,4,1202122830,302931170,1202168184,302906911,1427851617
1427883600,201504011819_111_59471_3224434,1,33010003,808132970,0,0,0,0,0,0,0,50,1,4,1201466810,303098910,1201514022,303075804,1427851770
1427883660,201504011820_126_1385_15967183,1,33010001,17260,0,0,0,0,0,0,0,50,1,4,1202122830,302931170,1202168184,302906911,1427851617
1427883660,201504011820_126_1385_15967208,1,33010001,17362,0,0,0,0,225,1,0,50,1,4,1202507170,302982500,1202551941,302957995,1427853138
1427883660,201504011820_111_14171_3244014,1,33010003,1202928150,0,0,0,0,245,256,0,50,4,4,574961167,50401811,575032877,50395928,1427851776
1427883660,201504011820_111_41823_3246899,1,33010003,4177469975,0,0,0,0,358,0,0,50,1,4,1201132670,303555480,1201180664,303532836,1427852174
1427883660,201504011820_111_41823_3249368,1,33010003,1203010670,0,0,0,0,190,256,0,50,4,4,545014287,50401811,545075276,50396042,1427851776
1427883660,201504011820_126_36465_15974940,1,33010001,17362,0,0,0,0,225,1,0,50,1,4,1202507170,302982500,1202551941,302957995,1427853138
1427883660,201504011820_126_64625_15975034,1,33010001,17260,0,0,0,0,0,0,0,50,1,4,1202122830,302931170,1202168184,302906911,1427851617
1427883660,201504011820_111_10087_3260573,1,33010003,808132970,0,0,0,0,0,0,0,50,1,4,1201466770,303098870,1201513982,303075764,1427851813
1427883660,201504011820_111_45673_3264933,1,33010003,1612594,0,0,0,0,16,20,0,50,4,4,-2063513692,-137358842,-2062400786,-134224086,1427851646
1427883660,201504011820_126_38264_15981146,1,33010001,17362,0,0,0,0,225,1,0,50,1,4,1202507170,302982500,1202551941,302957995,1427853138
1427883660,201504011820_126_10109_15985260,1,33010001,17260,0,0,0,0,0,0,0,50,1,4,1202122830,302931170,1202168184,302906911,1427851617
1427883660,201504011820_111_20344_3288169,1,33010003,4177469975,0,0,0,0,171,2,0,50,1,4,1201132530,303556080,1201180524,303533436,1427852319
1427883720,201504011821_126_7173_15991088,1,33010001,17260,0,0,0,0,0,0,0,50,1,4,1202122830,302931170,1202168184,302906911,1427851617
1427883720,201504011821_126_1548_15996583,1,33010001,17362,0,0,0,0,225,1,0,50,1,4,1202507170,302982500,1202551941,302957995,1427853138
1427883720,201504011821_126_22798_15998779,1,33010001,17260,0,0,0,0,0,0,0,50,1,4,1202122830,302931170,1202168184,302906911,1427851617
1427883720,201504011821_111_14867_3322501,1,33010003,1201760020,0,0,0,0,54,256,0,50,4,4,174474767,50401813,174587939,50400863,1427851584
1427883720,201504011821_111_15891_3325135,1,33010003,1202030790,0,0,0,0,133,256,0,50,4,4,173156367,50401812,173269592,50400185,1427851776
1427883720,201504011821_111_15891_3325137,1,33010003,1202030790,0,0,0,0,133,256,0,50,4,4,173156367,50401812,173269592,50400185,1427851776
1427883720,201504011821_111_15891_3325139,1,33010003,1202030790,0,0,0,0,133,256,0,50,4,4,173156367,50401812,173269592,50400185,1427851776
1427883720,201504011821_111_15891_3325141,1,33010003,1202030790,0,0,0,0,133,256,0,50,4,4,173156367,50401812,173269592,50400185,1427851776
1427883720,201504011821_111_17687_3331768,1,33010003,4177469975,0,0,0,0,66,0,0,50,1,4,1201133300,303554580,1201181293,303531936,1427852358
1427883720,201504011821_126_30741_16005161,1,33010001,17362,0,0,0,0,225,1,0,50,1,4,1202507170,302982500,1202551941,302957995,1427853138
1427883720,201504011821_126_16151_16006865,1,33010001,17260,0,0,0,0,0,0,0,50,1,4,1202122830,302931170,1202168184,302906911,1427851617
1427883720,201504011821_111_59936_3349151,1,33010003,808132970,0,0,0,0,0,0,0,50,1,4,1201466770,303098870,1201513982,303075764,1427851813
1427883780,201504011822_126_27680_16014885,1,33010001,17260,0,0,0,0,0,0,0,50,1,4,1202122830,302931170,1202168184,302906911,1427851617
1427883780,201504011822_111_33584_3367132,1,33010003,21462154,0,0,0,0,24,47,0,50,4,4,300526270,251855122,300584172,251820613,1427852069
1427883780,201504011822_111_34612_3377402,1,33010003,4177469975,0,0,0,0,288,2,0,50,1,4,1201133750,303555600,1201181742,303532955,1427852396
1427883780,201504011822_126_53286_16020621,1,33010001,17362,0,0,0,0,225,1,0,50,1,4,1202507170,302982500,1202551941,302957995,1427853138
1427883780,201504011822_126_25385_16022739,1,33010001,17260,0,0,0,0,0,0,0,50,1,4,1202122830,302931170,1202168184,302906911,1427851617
1427883780,201504011822_111_49211_3388253,1,33010003,808132970,0,0,0,0,0,0,0,50,1,4,1201466770,303098870,1201513982,303075764,1427851813
1427883780,201504011822_111_49211_3388255,1,33010003,808132970,0,0,0,0,0,0,0,50,1,4,1201466770,303098870,1201513982,303075764,1427851813
1427883780,201504011822_126_54575_16028628,1,33010001,17362,0,0,0,0,225,1,0,50,1,4,1202507170,302982500,1202551941,302957995,1427853138
1427883780,201504011822_126_12338_16030747,1,33010001,17260,0,0,0,0,0,0,0,50,1,4,1202122830,302931170,1202168184,302906911,1427851617
1427883780,201504011822_111_24650_3409605,1,33010003,1200889930,0,0,0,0,228,256,0,50,4,4,629947407,50401813,630018569,50395150,1427851776
1427883780,201504011822_111_24650_3409607,1,33010003,1200889930,0,0,0,0,228,256,0,50,4,4,629947407,50401813,630018569,50395150,1427851776
1427883780,201504011822_111_24650_3409609,1,33010003,1200889930,0,0,0,0,228,256,0,50,4,4,629947407,50401813,630018569,50395150,1427851776
1427883780,201504011822_111_24650_3409611,1,33010003,1200889930,0,0,0,0,130,256,0,50,4,4,629947407,50401813,630018569,50395150,1427851776
1427883840,201504011823_111_56150_3423477,1,33010003,4177469975,0,0,0,0,205,0,0,50,1,4,1201132930,303558450,1201180923,303535806,1427852441
1427883840,201504011823_126_28225_16044250,1,33010001,17362,0,0,0,0,225,1,0,50,1,4,1202507170,302982500,1202551941,302957995,1427853138
1427883840,201504011823_111_27229_3436284,1,33010003,1203166950,0,0,0,0,230,256,0,50,4,4,326761487,50401815,326822618,50397215,1427853140
1427883840,201504011823_126_12356_16046349,1,33010001,17260,0,0,0,0,0,0,0,50,1,4,1202122830,302931170,1202168184,302906911,1427851617
1427883840,201504011823_126_31306_16052075,1,33010001,17362,0,0,0,0,225,1,0,50,1,4,1202507170,302982500,1202551941,302957995,1427853138
1427883840,201504011823_111_58219_3459248,1,33010003,4177469975,0,0,0,0,271,4,0,50,1,4,1201128700,303558080,1201176700,303535439,1427852485
1427883840,201504011823_111_60523_3461428,1,33010003,1200880220,0,0,0,0,99,256,0,50,4,4,629719567,50401815,629789962,50394494,1427852136
1427883840,201504011823_126_46670_16055772,1,33010001,17260,0,0,0,0,0,0,0,50,1,4,1202122830,302931170,1202168184,302906911,1427851617
1427883900,201504011824_126_16214_16062530,1,33010001,22447,0,0,0,0,45,2,0,50,0,4,1522040670,622133830,1522139579,622177330,1427851739
1427883900,201504011824_126_16214_16062532,1,33010001,22447,0,0,0,0,45,2,0,50,0,4,1522040670,622133830,1522139579,622177330,1427851739
1427883900,201504011824_126_16214_16062535,1,33010001,22447,0,0,0,0,45,2,0,50,0,4,1522040670,622133830,1522139579,622177330,1427851739
1427883900,201504011824_126_25436_16067998,1,33010001,17362,0,0,0,0,225,1,0,50,1,4,1202507170,302982500,1202551941,302957995,1427853138
1427883900,201504011824_111_13062_3499427,1,33010003,2920300903,0,0,0,0,351,0,0,50,1,4,1202090640,302071230,1202135998,302046944,1427851120
1427883900,201504011824_126_43102_16070097,1,33010001,17260,0,0,0,0,0,0,0,50,1,4,1202122830,302931170,1202168184,302906911,1427851617
1427883900,201504011824_111_34577_3514648,1,33010003,2920300903,0,0,0,0,351,0,0,50,1,4,1202090640,302071230,1202135998,302046944,1427851160
1427883900,201504011824_126_17253_16076014,1,33010001,17362,0,0,0,0,225,1,0,50,1,4,1202507170,302982500,1202551941,302957995,1427853138
1427883900,201504011824_111_4117_3520538,1,33010003,2920300903,0,0,0,0,351,0,0,50,1,4,1202090640,302071230,1202135998,302046944,1427851210
1427883900,201504011824_126_47463_16078186,1,33010001,17260,0,0,0,0,0,0,0,50,1,4,1202122830,302931170,1202168184,302906911,1427851617
1427883900,201504011824_111_48920_3524211,1,33010003,808132970,0,0,0,0,0,0,0,50,1,4,1201466570,303098660,1201513782,303075555,1427852068
1427883960,201504011825_126_31856_16086259,1,33010001,17260,0,0,0,0,0,0,0,50,1,4,1202122830,302931170,1202168184,302906911,1427851617
1427883960,201504011825_126_23922_16088038,1,33010001,22447,0,0,0,0,45,2,0,50,0,4,1522040670,622133830,1522139579,622177330,1427851739
1427883960,201504011825_126_23922_16088040,1,33010001,22447,0,0,0,0,45,2,0,50,0,4,1522040670,622133830,1522139579,622177330,1427851739
1427883960,201504011825_111_59434_3550462,1,33010003,2920300903,0,0,0,0,351,0,0,50,1,4,1202090640,302071230,1202135998,302046944,1427851370
1427883960,201504011825_111_59434_3550465,1,33010003,2920300903,0,0,0,0,351,0,0,50,1,4,1202090640,302071230,1202135998,302046944,1427851390
1427883960,201504011825_126_3959_16091971,1,33010001,17362,0,0,0,0,225,1,0,50,1,4,1202507170,302982500,1202551941,302957995,1427853138
1427883960,201504011825_111_48430_3555292,1,33010003,4177469975,0,0,0,0,294,0,0,50,1,4,1201122150,303558320,1201170160,303535683,1427852580
1427883960,201504011825_111_54062_3559121,1,33010003,808132970,0,0,0,0,0,0,0,50,1,4,1201466520,303098620,1201513733,303075515,1427852151
1427883960,201504011825_111_54062_3562083,1,33010003,2920300903,0,0,0,0,351,0,0,50,1,4,1202090640,302071230,1202135998,302046944,1427851410
1427883960,201504011825_126_23417_16094048,1,33010001,22447,0,0,0,0,45,2,0,50,0,4,1522040670,622133830,1522139579,622177330,1427851739
1427883960,201504011825_126_37753_16094251,1,33010001,17260,0,0,0,0,0,0,0,50,1,4,1202122830,302931170,1202168184,302906911,1427851617
1427883960,201504011825_126_16385_16100088,1,33010001,17362,0,0,0,0,225,1,0,50,1,4,1202507170,302982500,1202551941,302957995,1427853138
1427883960,201504011825_111_15677_3577534,1,33010003,2920300903,0,0,0,0,351,0,0,50,1,4,1202090640,302071230,1202135998,302046944,1427851450
1427883960,201504011825_126_47619_16102153,1,33010001,22447,0,0,0,0,45,2,0,50,0,4,1522040670,622133830,1522139579,622177330,1427851739
1427883960,201504011825_126_5636_16102332,1,33010001,17260,0,0,0,0,0,0,0,50,1,4,1202122830,302931170,1202168184,302906911,1427851617
1427883960,201504011825_111_48448_3587869,1,33010003,2920300903,0,0,0,0,351,0,0,50,1,4,1202090640,302071230,1202135998,302046944,1427851515
1427883960,201504011825_111_51268_3593533,1,33010003,2920300903,0,0,0,0,351,0,0,50,1,4,1202090640,302071230,1202135998,302046944,1427851570
1427884020,201504011826_111_21071_3609135,1,33010003,2920300903,0,0,0,0,351,0,0,50,1,4,1202090640,302071230,1202135998,302046944,1427851630
1427884020,201504011826_111_23375_3611398,1,33010003,1201758790,0,0,0,0,193,256,0,50,4,4,182339087,50401817,182442969,50399445,1427852256
1427884020,201504011826_111_41044_3612047,1,33010003,1599825,0,0,0,0,54,11,0,50,4,4,654395300,-111799802,654388719,-109200814,1427851646
1427884020,201504011826_111_42068_3615101,1,33010003,808132970,0,0,0,0,0,0,0,50,1,4,1201466520,303098620,1201513733,303075515,1427852151
1427884020,201504011826_111_41046_3620950,1,33010003,1202015520,0,0,0,0,203,256,0,50,4,4,140342287,50401817,140464379,50400761,1427851492
1427884020,201504011826_126_43796_16117061,1,33010001,17362,0,0,0,0,225,1,0,50,1,4,1202507170,302982500,1202551941,302957995,1427853138
1427884020,201504011826_126_56854_16119120,1,33010001,17260,0,0,0,0,0,0,0,50,1,4,1202122830,302931170,1202168184,302906911,1427851617
1427884020,201504011826_111_59739_3622624,1,33010003,2920300903,0,0,0,0,351,0,0,50,1,4,1202090640,302071230,1202135998,302046944,1427851690
1427884020,201504011826_111_63835_3628450,1,33010003,2920300903,0,0,0,0,351,0,0,50,1,4,1202090640,302071230,1202135998,302046944,1427851730
1427884020,201504011826_126_51996_16124177,1,33010001,17362,0,0,0,0,225,1,0,50,1,4,1202507170,302982500,1202551941,302957995,1427853138
1427884020,201504011826_126_11039_16126207,1,33010001,17260,0,0,0,0,0,0,0,50,1,4,1202122830,302931170,1202168184,302906911,1427851617
1427884020,201504011826_126_32288_16127537,1,33010001,22447,0,0,0,0,45,2,0,50,0,4,1522040670,622133830,1522139579,622177330,1427851739
1427884020,201504011826_111_9065_3645861,1,33010003,4177469975,0,0,0,0,305,0,0,50,1,4,1201118700,303561380,1201166716,303538745,1427852662
1427884080,201504011827_126_4904_16134172,1,33010001,17260,0,0,0,0,0,0,0,50,1,4,1202122830,302931170,1202168184,302906911,1427851617
1427884080,201504011827_111_52339_3661654,1,33010003,808132970,0,0,0,0,0,0,0,50,1,4,1201466500,303098570,1201513713,303075465,1427852168
1427884080,201504011827_111_53107_3663626,1,33010003,2920300903,0,0,0,0,351,0,0,50,1,4,1202090640,302071230,1202135998,302046944,1427851830
1427884080,201504011827_111_53107_3664194,1,33010003,2920300903,0,0,0,0,351,0,0,50,1,4,1202090640,302071230,1202135998,302046944,1427851730
1427884080,201504011827_111_54643_3664899,1,33010003,2920300903,0,0,0,0,351,0,0,50,1,4,1202090640,302071230,1202135998,302046944,1427851790
1427884080,201504011827_126_33064_16134365,1,33010001,22447,0,0,0,0,45,2,0,50,0,4,1522040670,622133830,1522139579,622177330,1427851739
1427884080,201504011827_111_45431_3666594,1,33010003,2920300903,0,0,0,0,351,0,0,50,1,4,1202090640,302071230,1202135998,302046944,1427851870
1427884080,201504011827_111_46711_3667652,1,33010003,2920300903,0,0,0,0,351,0,0,50,1,4,1202090640,302071230,1202135998,302046944,1427851930
1427884080,201504011827_111_63098_3672158,1,33010003,2920300903,0,0,0,0,351,0,0,50,1,4,1202090640,302071230,1202135998,302046944,1427851986
1427884080,201504011827_126_45870_16139919,1,33010001,17362,0,0,0,0,225,1,0,50,1,4,1202507170,302982500,1202551941,302957995,1427853138
1427884080,201504011827_126_6961_16141963,1,33010001,22447,0,0,0,0,45,2,0,50,0,4,1522040670,622133830,1522139579,622177330,1427851739
1427884080,201504011827_126_6961_16142014,1,33010001,17260,0,0,0,0,0,0,0,50,1,4,1202122830,302931170,1202168184,302906911,1427851617
1427884080,201504011827_111_56838_3685825,1,33010003,2920300903,0,0,0,0,351,0,0,50,1,4,1202090640,302071230,1202135998,302046944,1427852020
1427884080,201504011827_126_51255_16147837,1,33010001,17362,0,0,0,0,225,1,0,50,1,4,1202507170,302982500,1202551941,302957995,1427853138
1427884080,201504011827_111_48654_3698524,1,33010003,2920300903,0,0,0,0,351,0,0,50,1,4,1202090640,302071230,1202135998,302046944,1427852080
1427884080,201504011827_111_49166_3699677,1,33010003,4177469975,0,0,0,0,30,0,0,50,1,4,1201120730,303563080,1201168743,303540445,1427852711
1427884080,201504011827_111_24847_3703774,1,33010003,808132970,0,0,0,0,0,0,0,50,1,4,1201466500,303098570,1201513713,303075465,1427852168
1427884080,201504011827_126_8762_16149775,1,33010001,22447,0,0,0,0,45,2,0,50,0,4,1522040670,622133830,1522139579,622177330,1427851739
1427884080,201504011827_126_8762_16149831,1,33010001,17260,0,0,0,0,0,0,0,50,1,4,1202122830,302931170,1202168184,302906911,1427851617
1427884080,201504011827_111_44818_3705904,1,33010003,2920300903,0,0,0,0,351,0,0,50,1,4,1202090640,302071230,1202135998,302046944,1427852120
1427884140,201504011828_111_42782_3726900,1,33010003,2920300903,0,0,0,0,351,0,0,50,1,4,1202090640,302071230,1202135998,302046944,1427852220
1427884140,201504011828_111_18725_3735874,1,33010003,2920300903,0,0,0,0,351,0,0,50,1,4,1202090640,302071230,1202135998,302046944,1427852297
1427884140,201504011828_126_20296_16162265,1,33010001,17362,0,0,0,0,225,1,0,50,0,4,1202507170,302982500,1202551941,302957995,1427853138
1427884140,201504011828_126_62027_16165520,1,33010001,17260,0,0,0,0,0,0,0,50,1,4,1202122830,302931170,1202168184,302906911,1427851617
1427884140,201504011828_111_64556_3749069,1,33010003,4177469975,0,0,0,0,301,0,0,50,1,4,1201118800,303560650,1201166816,303538015,1427852771
1427884140,201504011828_126_62800_16169982,1,33010001,17362,0,0,0,0,225,1,0,50,1,4,1202507170,302982500,1202551941,302957995,1427853138
1427884140,201504011828_111_62771_3753423,1,33010003,2920300903,0,0,0,0,351,0,0,50,1,4,1202090640,302071230,1202135998,302046944,1427852335
1427884140,201504011828_111_62771_3753425,1,33010003,2920300903,0,0,0,0,351,0,0,50,1,4,1202090640,302071230,1202135998,302046944,1427852350
1427884140,201504011828_111_62771_3753427,1,33010003,2920300903,0,0,0,0,351,0,0,50,1,4,1202090640,302071230,1202135998,302046944,1427852370
1427884140,201504011828_111_14135_3762214,1,33010003,2920300903,0,0,0,0,351,0,0,50,1,4,1202090640,302071230,1202135998,302046944,1427852390
1427884140,201504011828_126_1621_16173293,1,33010001,17260,0,0,0,0,0,0,0,50,1,4,1202122830,302931170,1202168184,302906911,1427851617
1427884140,201504011829_111_32574_3771809,1,33010003,21481194,0,0,0,0,24,47,0,50,4,4,302351150,251855122,302406471,251819273,1427853056
1427884140,201504011829_111_32574_3773167,1,33010003,808132970,0,0,0,0,0,0,0,50,1,4,1201466500,303098570,1201513713,303075465,1427852168
1427884140,201504011829_111_35646_3775011,1,33010003,2920300903,0,0,0,0,351,0,0,50,1,4,1202090640,302071230,1202135998,302046944,1427852450
1427884200,201504011829_126_60253_16181162,1,33010001,17260,0,0,0,0,0,0,0,50,1,4,1202122830,302931170,1202168184,302906911,1427851617
1427884200,201504011829_126_34911_16182656,1,33010001,22447,0,0,0,0,45,2,0,50,0,4,1522040670,622133830,1522139579,622177330,1427851739
1427884200,201504011829_111_52297_3790095,1,33010003,1201148010,0,0,0,0,82,256,0,50,4,4,203684367,50401820,203776837,50400833,1427851776
1427884200,201504011829_111_52297_3790933,1,33010003,2920300903,0,0,0,0,351,0,0,50,1,4,1202090640,302071230,1202135998,302046944,1427852550
1427884200,201504011829_111_8781_3797901,1,33010003,2920300903,0,0,0,0,351,0,0,50,1,4,1202090640,302071230,1202135998,302046944,1427852610
1427884200,201504011829_111_8781_3797904,1,33010003,2920300903,0,0,0,0,351,0,0,50,1,4,1202090640,302071230,1202135998,302046944,1427852630
1427884200,201504011829_126_46947_16186194,1,33010001,17362,0,0,0,0,225,1,0,50,1,4,1202507170,302982500,1202551941,302957995,1427853138
1427884200,201504011829_126_52326_16188846,1,33010001,17260,0,0,0,0,0,0,0,50,1,4,1202122830,302931170,1202168184,302906911,1427851617
1427884200,201504011829_126_8039_16189203,1,33010001,22447,0,0,0,0,45,2,0,50,0,4,1522040670,622133830,1522139579,622177330,1427851739
1427884200,201504011829_111_24148_3808560,1,33010003,2920300903,0,0,0,0,351,0,0,50,1,4,1202090640,302071230,1202135998,302046944,1427852650
1427884200,201504011829_111_52056_3812610,1,33010003,808132970,0,0,0,0,0,0,0,50,1,4,1201466380,303098450,1201513593,303075345,1427852400
1427884200,201504011829_126_52331_16193276,1,33010001,17362,0,0,0,0,225,1,0,50,1,4,1202507170,302982500,1202551941,302957995,1427853138
1427884200,201504011829_126_1903_16196137,1,33010001,22447,0,0,0,0,45,2,0,50,1,4,1522040670,622133830,1522139579,622177330,1427851739
1427884200,201504011829_126_42863_16196688,1,33010001,17260,0,0,0,0,0,0,0,50,1,4,1202122830,302931170,1202168184,302906911,1427851617
1427884200,201504011829_111_5216_3823329,1,33010003,2920300903,0,0,0,0,351,0,0,50,1,4,1202090640,302071230,1202135998,302046944,1427852690
1427884200,201504011829_111_5216_3823331,1,33010003,2920300903,0,0,0,0,351,0,0,50,1,4,1202090640,302071230,1202135998,302046944,1427852710
1427884200,201504011829_111_5216_3823336,1,33010003,2920300903,0,0,0,0,351,0,0,50,1,4,1202090640,302071230,1202135998,302046944,1427852730
1427884200,201504011829_111_62050_3830196,1,33010003,2920300903,0,0,0,0,351,0,0,50,1,4,1202090640,302071230,1202135998,302046944,1427852750
1427884200,201504011829_111_62050_3830198,1,33010003,2920300903,0,0,0,0,351,0,0,50,1,4,1202090640,302071230,1202135998,302046944,1427852770
1427884200,201504011829_111_62050_3830201,1,33010003,2920300903,0,0,0,0,351,0,0,50,1,4,1202090640,302071230,1202135998,302046944,1427852790
1427884200,201504011829_126_55922_16199249,1,33010001,14189,0,0,0,0,90,25,0,50,1,4,1201937000,302501600,1201982791,302477581,1427851675
1427884260,201504011830_111_41838_3846966,1,33010003,2920300903,0,0,0,0,351,0,0,50,1,4,1202090640,302071230,1202135998,302046944,1427852810
1427884260,201504011830_111_41838_3847201,1,33010003,808132970,0,0,0,0,0,0,0,50,1,4,1201466380,303098450,1201513593,303075345,1427852400
1427884260,201504011830_126_54393_16205418,1,33010001,17260,0,0,0,0,0,0,0,50,1,4,1202122830,302931170,1202168184,302906911,1427851617
1427884260,201504011830_126_34941_16208789,1,33010001,17362,0,0,0,0,225,1,0,50,1,4,1202507170,302982500,1202551941,302957995,1427853138
1427884260,201504011830_111_25461_3852864,1,33010003,2920300903,0,0,0,0,351,0,0,50,1,4,1202090640,302071230,1202135998,302046944,1427852878
1427884260,201504011830_111_25461_3853071,1,33010003,21481194,0,0,0,0,24,47,0,50,4,4,302351020,251855122,302406341,251819273,1427851776
1427884260,201504011830_111_40312_3860356,1,33010003,2920300903,0,0,0,0,351,0,0,50,1,4,1202090640,302071230,1202135998,302046944,1427852921
1427884260,201504011830_111_45688_3861919,1,33010003,21470873,0,0,0,0,24,47,0,50,4,4,302426470,251855122,302481717,251819242,1427852419
1427884260,201504011830_126_27650_16211778,1,33010001,22447,0,0,0,0,45,2,0,50,1,4,1522040670,622133830,1522139579,622177330,1427851739
1427884260,201504011830_126_47106_16212194,1,33010001,17260,0,0,0,0,0,0,0,50,1,4,1202122830,302931170,1202168184,302906911,1427851617
1427884260,201504011830_126_34569_16217617,1,33010001,17362,0,0,0,0,225,1,0,50,1,4,1202507170,302982500,1202551941,302957995,1427853138
1427884260,201504011830_111_41220_3879053,1,33010003,2920300903,0,0,0,0,351,0,0,50,1,4,1202090640,302071230,1202135998,302046944,1427852970
1427884260,201504011830_111_41220_3879056,1,33010003,2920300903,0,0,0,0,351,0,0,50,1,4,1202090640,302071230,1202135998,302046944,1427852990
1427884260,201504011830_126_13579_16219178,1,33010001,22447,0,0,0,0,45,2,0,50,1,4,1522040670,622133830,1522139579,622177330,1427851739
1427884260,201504011830_111_57352_3881402,1,33010003,4177469975,0,0,0,0,57,0,0,50,1,4,1201120380,303557830,1201168393,303535194,1427852908
1427884260,201504011830_126_5900_16220102,1,33010001,17260,0,0,0,0,0,0,0,50,1,4,1202122830,302931170,1202168184,302906911,1427851617
1427884260,201504011830_111_28940_3891695,1,33010003,2920300903,0,0,0,0,351,0,0,50,1,4,1202090640,302071230,1202135998,302046944,1427853010
1427884260,201504011830_111_28940_3892056,1,33010003,808132970,0,0,0,0,0,0,0,50,1,4,1201466380,303098450,1201513593,303075345,1427852400
1427884320,201504011831_126_51476_16227636,1,33010001,13787,0,0,0,0,360,66,0,50,1,4,1201894200,303211170,1201940170,303187301,1427852142
1427884320,201504011831_126_51476_16227645,1,33010001,22447,0,0,0,0,45,2,0,50,1,4,1522040670,622133830,1522139579,622177330,1427851739
1427884320,201504011831_126_21525_16228205,1,33010001,17260,0,0,0,0,0,0,0,50,1,4,1202122830,302931170,1202168184,302906911,1427851617
1427884320,201504011831_111_2587_3913445,1,33010003,2920300903,0,0,0,0,351,0,0,50,1,4,1202090640,302071230,1202135998,302046944,1427853130
1427884320,201504011831_126_19994_16232676,1,33010001,17362,0,0,0,0,225,1,0,50,1,4,1202507170,302982500,1202551941,302957995,1427853138
1427884320,201504011831_111_3103_3918715,1,33010003,2920300903,0,0,0,0,351,0,0,50,1,4,1202090640,302071230,1202135998,302046944,1427853190
1427884320,201504011831_126_27677_16235344,1,33010001,22447,0,0,0,0,45,2,0,50,1,4,1522040670,622133830,1522139579,622177330,1427851739
1427884320,201504011831_111_45603_3926471,1,33010003,4177469975,0,0,0,0,72,0,0,50,1,4,1201122650,303557400,1201170659,303534763,1427852919
1427884320,201504011831_126_26142_16236102,1,33010001,17260,0,0,0,0,0,0,0,50,1,4,1202122830,302931170,1202168184,302906911,1427851617
1427884320,201504011831_111_17706_3932859,1,33010003,2920300903,0,0,0,0,351,0,0,50,1,4,1202090640,302071230,1202135998,302046944,1427853250
1427884320,201504011831_126_55843_16241140,1,33010001,17362,0,0,0,0,225,1,0,50,1,4,1202507170,302982500,1202551941,302957995,1427853138
1427884320,201504011831_111_46381_3937061,1,33010003,1201233110,0,0,0,0,235,256,0,50,4,4,163177487,50401822,163294210,50400325,1427851776
1427884320,201504011831_126_10278_16243316,1,33010001,22447,0,0,0,0,45,2,0,50,1,4,1522040670,622133830,1522139579,622177330,1427851739
1427884320,201504011831_126_3367_16244217,1,33010001,17260,0,0,0,0,0,0,0,50,1,4,1202122830,302931170,1202168184,302906911,1427851617
1427884320,201504011831_111_1586_3941642,1,33010003,2920300903,0,0,0,0,351,0,0,50,1,4,1202090640,302071230,1202135998,302046944,1427853310
1427884380,201504011832_126_10799_16251286,1,33010001,22447,0,0,0,0,45,2,0,50,1,4,1522040670,622133830,1522139579,622177330,1427851739
1427884380,201504011832_126_3120_16252200,1,33010001,17260,0,0,0,0,0,0,0,50,1,4,1202122830,302931170,1202168184,302906911,1427851617
1427884380,201504011832_111_44353_3967317,1,33010003,4177469975,0,0,0,0,184,4,0,50,1,4,1201120680,303557280,1201168693,303534644,1427852986
1427884380,201504011832_126_30517_16256935,1,33010001,17362,0,0,0,0,225,1,0,50,1,4,1202507170,302982500,1202551941,302957995,1427853138
1427884380,201504011832_111_19273_3979707,1,33010003,2920300903,0,0,0,0,351,0,0,50,1,4,1202090640,302071230,1202135998,302046944,1427853455
1427884380,201504011832_126_10808_16259326,1,33010001,22447,0,0,0,0,45,2,0,50,1,4,1522040670,622133830,1522139579,622177330,1427851739
1427884380,201504011832_111_37199_3988512,1,33010003,2920300903,0,0,0,0,351,0,0,50,1,4,1202090640,302071230,1202135998,302046944,1427853525
1427884380,201504011832_126_49980_16263213,1,33010001,17260,0,0,0,0,0,0,0,50,1,4,1202122830,302931170,1202168184,302906911,1427851617
1427884380,201504011832_111_13906_3993031,1,33010003,2920300903,0,0,0,0,351,0,0,50,1,4,1202090640,302071230,1202135998,302046944,1427853580
1427884380,201504011832_111_13906_3994128,1,33010003,808132970,0,0,0,0,0,0,0,50,1,4,1201466290,303098360,1201513503,303075255,1427852544
1427884380,201504011832_126_10558_16264498,1,33010001,17362,0,0,0,0,225,1,0,50,1,4,1202507170,302982500,1202551941,302957995,1427853138
1427884380,201504011832_126_6977_16267052,1,33010001,22447,0,0,0,0,45,2,0,50,1,4,1522040670,622133830,1522139579,622177330,1427851739
1427884380,201504011832_126_64833_16267846,1,33010001,17260,0,0,0,0,0,0,0,50,1,4,1202122830,302931170,1202168184,302906911,1427851617
1427884440,201504011833_126_5450_16275143,1,33010001,22447,0,0,0,0,45,2,0,50,1,4,1522040670,622133830,1522139579,622177330,1427851739
1427884440,201504011833_126_63823_16280473,1,33010001,17362,0,0,0,0,225,1,0,50,1,4,1202507170,302982500,1202551941,302957995,1427853138
1427884440,201504011833_126_2387_16283201,1,33010001,22447,0,0,0,0,45,2,0,50,1,4,1522040670,622133830,1522139579,622177330,1427851739
1427884440,201504011833_126_62552_16288377,1,33010001,17362,0,0,0,0,225,1,0,50,1,4,1202507170,302982500,1202551941,302957995,1427853138
1427884440,201504011833_111_62077_4061438,1,33010003,4177469975,0,0,0,0,85,0,0,50,1,4,1201123720,303553980,1201171728,303531341,1427853076
1427884440,201504011833_126_61275_16291026,1,33010001,22447,0,0,0,0,45,2,0,50,1,4,1522040670,622133830,1522139579,622177330,1427851739
1427884440,201504011833_111_54786_4065717,1,33010003,808132970,0,0,0,0,0,0,0,50,1,4,1201466290,303098360,1201513503,303075255,1427852544
1427884500,201504011834_126_4204_16305155,1,33010001,17362,0,0,0,0,225,1,0,50,1,4,1202507170,302982500,1202551941,302957995,1427853138
1427884500,201504011834_111_19226_4099848,1,33010003,4177469975,0,0,0,0,91,5,0,50,1,4,1201128630,303554320,1201176630,303531678,1427853115
1427884500,201504011834_126_54381_16306632,1,33010001,22447,0,0,0,0,45,2,0,50,1,4,1522040670,622133830,1522139579,622177330,1427851739
1427884500,201504011834_111_58652_4106802,1,33010003,808132970,0,0,0,0,0,0,0,50,1,4,1201466140,303098340,1201513354,303075235,1427852655
1427884500,201504011834_126_48243_16311786,1,33010001,17362,0,0,0,0,225,1,0,50,1,4,1202507170,302982500,1202551941,302957995,1427853138
1427884500,201504011834_126_36982_16314281,1,33010001,22447,0,0,0,0,45,2,0,50,1,4,1522040670,622133830,1522139579,622177330,1427851739
1427884500,201504011834_111_35369_4122186,1,33010003,1200882670,0,0,0,0,229,256,0,50,4,4,629717007,50401826,629787393,50394498,1427851776
1427884500,201504011834_111_14895_4132528,1,33010003,1202027600,0,0,0,0,143,256,0,50,4,4,171717647,50401826,171831681,50400450,1427851776
1427884560,201504011835_111_34878_4158269,1,33010003,808132970,0,0,0,0,0,0,0,50,1,4,1201466140,303098340,1201513354,303075235,1427852655
1427884560,201504011835_126_18183_16327483,1,33010001,17362,0,0,0,0,225,1,0,50,1,4,1202507170,302982500,1202551941,302957995,1427853138
1427884560,201504011835_111_37190_4170958,1,33010003,4177469975,0,0,0,0,148,3,0,50,1,4,1201133650,303554230,1201181642,303531585,1427853161
1427884560,201504011835_111_37190_4172558,1,33010003,1201814210,0,0,0,0,54,256,0,50,4,4,172646927,50401827,172759713,50399535,1427852304
1427884560,201504011835_126_27406_16333895,1,33010001,17362,0,0,0,0,225,1,0,50,0,4,1202507170,302982500,1202551941,302957995,1427853138
1427884560,201504011835_111_27981_4181158,1,33010003,1200882670,0,0,0,0,228,256,0,50,4,4,629717007,50401826,629787393,50394498,1427851776
1427884560,201504011835_111_2640_4185156,1,33010003,4177469975,0,0,0,0,278,3,0,50,1,4,1201132020,303552070,1201180014,303529426,1427853200
1427884560,201504011835_126_47127_16342013,1,33010001,17362,0,0,0,0,225,1,0,50,0,4,1202507170,302982500,1202551941,302957995,1427853138
1427884620,201504011836_126_24096_16349827,1,33010001,17362,0,0,0,0,225,1,0,50,0,4,1202507170,302982500,1202551941,302957995,1427853138
1427884620,201504011836_126_18729_16357679,1,33010001,17362,0,0,0,0,225,1,0,50,0,4,1202507170,302982500,1202551941,302957995,1427853138
1427884620,201504011836_111_35700_4238690,1,33010003,4177469975,0,0,0,0,286,0,0,50,1,4,1201130980,303552280,1201178976,303529637,1427853256
1427884620,201504011836_126_18738_16365457,1,33010001,17362,0,0,0,0,225,1,0,50,0,4,1202507170,302982500,1202551941,302957995,1427853138
1427884680,201504011837_126_15675_16373405,1,33010001,17362,0,0,0,0,225,1,0,50,0,4,1202507170,302982500,1202551941,302957995,1427853138
1427884680,201504011837_111_47891_4284915,1,33010003,808132970,0,0,0,0,0,0,0,50,1,4,1201466080,303098260,1201513294,303075155,1427852808
1427884680,201504011837_111_47891_4284920,1,33010003,808132970,0,0,0,0,0,0,0,50,1,4,1201466020,303098260,1201513234,303075155,1427852824
1427884680,201504011837_126_54336_16378293,1,33010001,17362,0,0,0,0,225,1,0,50,1,4,1202507170,302982500,1202551941,302957995,1427853138
1427884680,201504011837_126_53577_16386193,1,33010001,17362,0,0,0,0,225,1,0,50,1,4,1202507170,302982500,1202551941,302957995,1427853138
1427884740,201504011838_111_15160_4340496,1,33010003,808132970,0,0,0,0,0,0,0,50,1,4,1201466000,303098220,1201513214,303075116,1427852878
1427884740,201504011838_126_45915_16402126,1,33010001,17362,0,0,0,0,225,1,0,50,1,4,1202507170,302982500,1202551941,302957995,1427853138
1427884740,201504011838_126_29028_16409906,1,33010001,17362,0,0,0,0,225,1,0,50,1,4,1202507170,302982500,1202551941,302957995,1427853138
1427884740,201504011838_126_24677_16410495,1,33010001,02563,0,0,0,0,200,11,0,50,1,4,1201315000,302213290,1201362522,302190325,1427853363
1427884740,201504011838_111_1102_4371166,1,33010003,4177469975,0,0,0,0,197,0,0,50,1,4,1201132170,303550670,1201180164,303528026,1427853385
1427884740,201504011838_111_53073_4380693,1,33010003,808132970,0,0,0,0,0,0,0,50,1,4,1201465970,303098180,1201513184,303075076,1427852919
1427884740,201504011838_111_53073_4381135,1,33010003,1201365040,0,0,0,0,241,256,0,50,4,4,249290767,50401830,249357506,50397107,1427853576
1427884800,201504011839_126_54125_16417807,1,33010001,17362,0,0,0,0,225,1,0,50,1,4,1202507170,302982500,1202551941,302957995,1427853138
1427884800,201504011839_126_54131_16423253,1,33010001,17362,0,0,0,0,225,1,0,50,0,4,1202507170,302982500,1202551941,302957995,1427853138
1427884800,201504011839_111_61027_4406814,1,33010003,21481196,0,0,0,0,24,47,0,50,4,4,302351020,251855122,302406341,251819273,1427853568
1427884800,201504011839_111_32872_4415388,1,33010003,4177469975,0,0,0,0,95,0,0,50,1,4,1201132030,303552230,1201180024,303529586,1427853426
1427884800,201504011839_126_55420_16431096,1,33010001,17362,0,0,0,0,225,1,0,50,0,4,1202507170,302982500,1202551941,302957995,1427853138
1427884800,201504011839_111_27506_4429816,1,33010003,808132970,0,0,0,0,0,0,0,50,1,4,1201465930,303098150,1201513144,303075046,1427852972
1427884800,201504011839_111_27506_4429818,1,33010003,808132970,0,0,0,0,0,0,0,50,1,4,1201465930,303098150,1201513144,303075046,1427852972
1427884860,201504011840_111_46342_4456105,1,33010003,1629632,0,0,0,0,46,306,0,50,4,4,1493256100,497422852,1493310674,497450975,1427852286
1427884860,201504011840_126_43792_16446908,1,33010001,17362,0,0,0,0,225,1,0,50,0,4,1202507170,302982500,1202551941,302957995,1427853138
1427884860,201504011840_111_36366_4465339,1,33010003,4177469975,0,0,0,0,262,0,0,50,1,4,1201129200,303552380,1201177199,303529738,1427853472
1427884860,201504011840_111_36376_4484020,1,33010003,808132970,0,0,0,0,0,0,0,50,1,4,1201465900,303098110,1201513114,303075006,1427853029
1427884860,201504011840_126_45849_16454772,1,33010001,17362,0,0,0,0,225,1,0,50,0,4,1202507170,302982500,1202551941,302957995,1427853138
1427884920,201504011841_111_15148_4516688,1,33010003,4177469975,0,0,0,0,262,0,0,50,1,4,1201129200,303552380,1201177199,303529738,1427853472
1427884920,201504011841_126_12587_16470651,1,33010001,17362,0,0,0,0,225,1,0,50,0,4,1202507170,302982500,1202551941,302957995,1427853138
1427884920,201504011841_111_47162_4539864,1,33010003,808132970,0,0,0,0,0,0,0,50,1,4,1201465860,303098080,1201513074,303074976,1427853084
1427884920,201504011841_126_42548_16478667,1,33010001,17362,0,0,0,0,225,1,0,50,0,4,1202507170,302982500,1202551941,302957995,1427853138
1427884920,201504011841_111_25153_4547551,1,33010003,1202073380,0,0,0,0,143,256,0,50,4,4,198531087,50401833,198624311,50397864,1427852228
1427884980,201504011842_111_17501_4588169,1,33010003,1201161240,0,0,0,0,139,256,0,50,4,4,426150927,50401834,426215428,50395398,1427853040
1427884980,201504011842_111_19805_4591192,1,33010003,808132970,0,0,0,0,0,0,0,50,1,4,1201465860,303098080,1201513074,303074976,1427853084
1427884980,201504011842_126_22600_16496623,1,33010001,17362,0,0,0,0,225,1,0,50,0,4,1202507170,302982500,1202551941,302957995,1427853138
1427884980,201504011842_126_13647_16502533,1,33010001,17362,0,0,0,0,225,1,0,50,0,4,1202507170,302982500,1202551941,302957995,1427853138
1427885040,201504011843_111_60539_4634964,1,33010003,808132970,0,0,0,0,0,0,0,50,1,4,1201465830,303098040,1201513044,303074936,1427853171
1427885040,201504011843_126_9569_16518543,1,33010001,17362,0,0,0,0,225,1,0,50,0,4,1202507170,302982500,1202551941,302957995,1427853138
1427885040,201504011843_126_57961_16526284,1,33010001,17362,0,0,0,0,225,1,0,50,0,4,1202507170,302982500,1202551941,302957995,1427853138
1427885040,201504011843_111_28955_4680916,1,33010003,808132970,0,0,0,0,0,0,0,50,1,4,1201465830,303098040,1201513044,303074936,1427853171
1427885100,201504011844_126_376_16538617,1,33010001,17362,0,0,0,0,225,1,0,50,1,4,1202507170,302982500,1202551941,302957995,1427853138
1427885100,201504011844_126_38527_16545391,1,33010001,17362,0,0,0,0,225,1,0,50,1,4,1202507170,302982500,1202551941,302957995,1427853138
1427885100,201504011844_111_60979_4721127,1,33010003,808132970,0,0,0,0,0,0,0,50,1,4,1201465830,303098040,1201513044,303074936,1427853171
1427885100,201504011844_126_62985_16553436,1,33010001,17362,0,0,0,0,225,1,0,50,1,4,1202507170,302982500,1202551941,302957995,1427853138
1427885160,201504011845_111_24398_4758519,1,33010003,1201232180,0,0,0,0,235,256,0,50,4,4,163517967,50401836,163635117,50400965,1427852348
1427885160,201504011845_111_65104_4766596,1,33010003,808132970,0,0,0,0,0,0,0,50,1,4,1201465830,303098040,1201513044,303074936,1427853171
1427885160,201504011845_126_7708_16569337,1,33010001,17362,0,0,0,0,225,1,0,50,1,4,1202507170,302982500,1202551941,302957995,1427853138
1427885160,201504011845_126_9765_16577170,1,33010001,17362,0,0,0,0,225,1,0,50,1,4,1202507170,302982500,1202551941,302957995,1427853138
1427885220,201504011846_126_46_16585100,1,33010001,17362,0,0,0,0,225,1,0,50,1,4,1202507170,302982500,1202551941,302957995,1427853138
1427885220,201504011846_111_41596_4833489,1,33010003,808132970,0,0,0,0,0,0,0,50,1,4,1201465810,303097990,1201513024,303074886,1427853368
1427885220,201504011846_126_64310_16592945,1,33010001,17362,0,0,0,0,225,1,0,50,1,4,1202507170,302982500,1202551941,302957995,1427853138
1427885220,201504011846_126_51263_16600868,1,33010001,17362,0,0,0,0,225,1,0,50,1,4,1202507170,302982500,1202551941,302957995,1427853138
1427885280,201504011847_126_50760_16608776,1,33010001,17362,0,0,0,0,225,1,0,50,1,4,1202507170,302982500,1202551941,302957995,1427853138
1427885280,201504011847_126_26447_16614369,1,33010001,14041,0,0,0,0,300,0,0,50,1,4,1201161400,303118460,1201209309,303095734,1427853248
1427885280,201504011847_126_4947_16618035,1,33010001,17362,0,0,0,0,225,1,0,50,1,4,1202507170,302982500,1202551941,302957995,1427853138
1427885280,201504011847_126_39770_16624893,1,33010001,17362,0,0,0,0,225,1,0,50,1,4,1202507170,302982500,1202551941,302957995,1427853138
1427885280,201504011847_111_42296_4922664,1,33010003,808132970,0,0,0,0,0,0,0,50,1,4,1201465760,303097990,1201512975,303074886,1427853461
1427885340,201504011848_126_53603_16632909,1,33010001,17362,0,0,0,0,225,1,0,50,1,4,1202507170,302982500,1202551941,302957995,1427853138
1427885340,201504011848_126_44652_16640923,1,33010001,17362,0,0,0,0,225,1,0,50,1,4,1202507170,302982500,1202551941,302957995,1427853138
1427885340,201504011848_111_54101_4969355,1,33010003,808132970,0,0,0,0,0,0,0,50,1,4,1201465760,303097930,1201512975,303074826,1427853504
1427885340,201504011848_126_29557_16648870,1,33010001,17362,0,0,0,0,225,1,0,50,1,4,1202507170,302982500,1202551941,302957995,1427853138
1427885400,201504011849_126_18046_16656760,1,33010001,17362,0,0,0,0,225,1,0,50,1,4,1202507170,302982500,1202551941,302957995,1427853138
1427885400,201504011849_111_24439_5017218,1,33010003,808132970,0,0,0,0,0,0,0,50,1,4,1201465760,303097930,1201512975,303074826,1427853504
1427885400,201504011849_126_2569_16664615,1,33010001,17362,0,0,0,0,225,1,0,50,1,4,1202507170,302982500,1202551941,302957995,1427853138
1427885400,201504011849_126_15890_16672719,1,33010001,17362,0,0,0,0,225,1,0,50,1,4,1202507170,302982500,1202551941,302957995,1427853138
1427885400,201504011850_111_34318_5051117,1,33010003,808132970,0,0,0,0,0,0,0,50,1,4,1201465760,303097930,1201512975,303074826,1427853504
1427885460,201504011850_111_42005_5062105,1,33010003,1190522860,0,0,0,0,60,256,0,50,4,4,-1506482673,50401841,-1506223722,50374697,1427852672
1427885460,201504011850_126_47644_16681668,1,33010001,17362,0,0,0,0,225,1,0,50,1,4,1202507170,302982500,1202551941,302957995,1427853138
1427885460,201504011850_126_36_16688083,1,33010001,17362,0,0,0,0,225,1,0,50,1,4,1202507170,302982500,1202551941,302957995,1427853138
1427885460,201504011850_111_32811_5097921,1,33010003,808132970,0,0,0,0,0,0,0,50,1,4,1201465760,303097930,1201512975,303074826,1427853504
1427885460,201504011850_126_56620_16696193,1,33010001,17362,0,0,0,0,225,1,0,50,1,4,1202507170,302982500,1202551941,302957995,1427853138
1427885520,201504011851_126_55605_16704120,1,33010001,17362,0,0,0,0,225,1,0,50,1,4,1202507170,302982500,1202551941,302957995,1427853138
1427885520,201504011851_126_10297_16706846,1,33010001,17362,0,0,0,0,225,1,0,50,0,4,1202507170,302982500,1202551941,302957995,1427853138
1427885520,201504011851_126_3138_16714765,1,33010001,17362,0,0,0,0,225,1,0,50,0,4,1202507170,302982500,1202551941,302957995,1427853138
1427885520,201504011852_126_55882_16722618,1,33010001,17362,0,0,0,0,225,1,0,50,0,4,1202507170,302982500,1202551941,302957995,1427853138
1427885580,201504011852_126_36691_16730266,1,33010001,17362,0,0,0,0,225,1,0,50,1,4,1202507170,302982500,1202551941,302957995,1427853138
1427885580,201504011852_126_20316_16738225,1,33010001,17362,0,0,0,0,225,1,0,50,1,4,1202507170,302982500,1202551941,302957995,1427853138
1427885580,201504011852_111_1663_5222678,1,33010003,1201377620,0,0,0,0,1,256,0,50,4,4,235899407,50401844,235976095,50397093,1427852804
1427885640,201504011853_126_12142_16754135,1,33010001,17362,0,0,0,0,225,1,0,50,1,4,1202507170,302982500,1202551941,302957995,1427853138
1427885640,201504011853_111_24341_5255801,1,33010003,1201376800,0,0,0,0,241,256,0,50,4,4,235904527,50401844,235981209,50397092,1427853512
1427885640,201504011853_126_6008_16762937,1,33010001,17362,0,0,0,0,225,1,0,50,1,4,1202507170,302982500,1202551941,302957995,1427853138
1427885700,201504011854_126_37898_683,1,33010001,17362,0,0,0,0,225,1,0,50,1,4,1202507170,302982500,1202551941,302957995,1427853138
1427885700,201504011854_126_48403_8735,1,33010001,17362,0,0,0,0,225,1,0,50,1,4,1202507170,302982500,1202551941,302957995,1427853138
1427885700,201504011854_126_36892_16706,1,33010001,17362,0,0,0,0,225,1,0,50,1,4,1202507170,302982500,1202551941,302957995,1427853138
1427885760,201504011855_126_13351_26237,1,33010001,17362,0,0,0,0,225,1,0,50,1,4,1202507170,302982500,1202551941,302957995,1427853138
1427885760,201504011855_126_27438_32663,1,33010001,17362,0,0,0,0,225,1,0,50,1,4,1202507170,302982500,1202551941,302957995,1427853138
1427885820,201504011856_126_27968_48864,1,33010001,17362,0,0,0,0,225,1,0,50,1,4,1202507170,302982500,1202551941,302957995,1427853138
1427885820,201504011856_126_17737_56808,1,33010001,17362,0,0,0,0,225,1,0,50,1,4,1202507170,302982500,1202551941,302957995,1427853138
1427885820,201504011856_126_11602_64680,1,33010001,17362,0,0,0,0,225,1,0,50,1,4,1202507170,302982500,1202551941,302957995,1427853138
1427885880,201504011857_126_12387_79747,1,33010001,17362,0,0,0,0,225,1,0,50,1,4,1202507170,302982500,1202551941,302957995,1427853138
1427885880,201504011857_126_6756_80721,1,33010001,17362,0,0,0,0,225,1,0,50,1,4,1202507170,302982500,1202551941,302957995,1427853138
1427885880,201504011858_126_3181_88474,1,33010001,17362,0,0,0,0,225,1,0,50,1,4,1202507170,302982500,1202551941,302957995,1427853138
1427885940,201504011858_126_60021_96283,1,33010001,17362,0,0,0,0,225,1,0,50,1,4,1202507170,302982500,1202551941,302957995,1427853138
